===== 第54页 =====
2021 年年度报告 
54 / 124 
 
长期应付职工薪酬 
 
 
 
预计负债 
 
 
 
递延收益 
 
 
 
递延所得税负债 
 
 
1,457,513.23 
其他非流动负债 
 
 
 
非流动负债合计 
 
225,090,785.68 
1,457,513.23 
负债合计 
 
13,930,926,408.36 
10,442,172,963.77 
所有者权益（或股东权益）： 
实收资本（或股本） 
 
1,256,197,800.00 
1,256,197,800.00 
其他权益工具 
 
 
 
其中：优先股 
 
 
 
永续债 
 
 
 
资本公积 
 
1,374,303,082.72 
1,374,303,082.72 
减：库存股 
 
 
 
其他综合收益 
 
 
 
专项储备 
 
 
 
盈余公积 
 
25,142,832,818.16 
20,174,922,608.93 
未分配利润 
 
101,871,858,632.84 
81,396,490,905.14 
所有者权益（或股东权
益）合计 
 
129,645,192,333.72 
104,201,914,396.79 
负债和所有者权益（或
股东权益）总计 
 
143,576,118,742.08 
114,644,087,360.56 
公司负责人：丁雄军 主管会计工作负责人：蒋焰 会计机构负责人：蔡聪应 
 
 
合并利润表 
2021 年1—12 月 
单位:元  币种:人民币 
项目 
附注 
2021 年度 
2020 年度 
一、营业总收入 
 
109,464,278,563.89 
97,993,240,501.21 
其中：营业收入 
35 
106,190,154,843.76 
94,915,380,916.72 
利息收入 
36 
3,274,123,720.13 
3,077,859,584.49 
已赚保费 
 
 
 
手续费及佣金收入 
36 
 
 
二、营业总成本 
 
34,776,902,467.47 
31,305,130,587.56 
其中：营业成本 
35 
8,983,377,809.96 
8,154,001,476.28 
利息支出 
36 
173,897,197.98 
111,128,537.31 
手续费及佣金支出 
36 
115,082.12 
105,888.96 
退保金 
 
 
 
赔付支出净额 
 
 
 
提取保险责任准备金净额 
 
 
 
保单红利支出 
 
 
 
分保费用 
 
 
 
税金及附加 
37 
15,304,469,070.03 
13,886,517,290.78 
销售费用 
38 
2,737,369,434.78 
2,547,745,650.95 
管理费用 
39 
8,450,274,065.03 
6,789,844,289.39 
研发费用 
40 
61,923,213.59 
50,398,036.33 
财务费用 
41 
-934,523,406.02 
-234,610,582.44 

===== 第55页 =====
2021 年年度报告 
55 / 124 
 
其中：利息费用 
 
13,529,867.76 
 
利息收入 
 
944,578,412.02 
278,697,733.32 
加：其他收益 
42 
20,515,911.19 
13,138,152.69 
投资收益（损失以“－”号填列） 
43 
58,255,937.39 
305,631.46 
其中：对联营企业和合营企业的投资收
益 
 
 
 
以摊余成本计量的金融资产终止
确认收益 
 
 
 
汇兑收益（损失以“－”号填列） 
 
 
 
净敞口套期收益（损失以“-”号填列） 
 
 
 
公允价值变动收益（损失以“－”号填
列） 
44 
-2,244,726.29 
4,897,994.43 
信用减值损失（损失以“-”号填列） 
45 
-13,022,441.19 
-71,371,809.85 
资产减值损失（损失以“-”号填列） 
 
 
 
资产处置收益（损失以“－”号填列） 
 
 
 
三、营业利润（亏损以“－”号填列） 
 
74,750,880,777.52 
66,635,079,882.38 
加：营业外收入 
46 
68,989,219.74 
11,051,136.15 
减：营业外支出 
47 
291,838,102.50 
449,189,027.42 
四、利润总额（亏损总额以“－”号填列） 
 
74,528,031,894.76 
66,196,941,991.11 
减：所得税费用 
48 
18,807,501,938.30 
16,673,612,108.71 
五、净利润（净亏损以“－”号填列） 
 
55,720,529,956.46 
49,523,329,882.40 
（一）按经营持续性分类 
1.持续经营净利润（净亏损以“－”号填列）  
55,720,529,956.46 
49,523,329,882.40 
2.终止经营净利润（净亏损以“－”号填列）  
 
 
（二）按所有权归属分类 
1.归属于母公司股东的净利润（净亏损以
“-”号填列） 
 
52,460,144,378.16 
46,697,285,429.81 
2.少数股东损益（净亏损以“-”号填列） 
 
3,260,385,578.30 
2,826,044,452.59 
六、其他综合收益的税后净额 
49 
-7,686,513.03 
1,867,354.04 
（一）归属母公司所有者的其他综合收益的
税后净额 
 
-7,686,513.03 
1,867,354.04 
1．不能重分类进损益的其他综合收益 
 
 
 
（1）重新计量设定受益计划变动额 
 
 
 
（2）权益法下不能转损益的其他综合收益 
 
 
 
（3）其他权益工具投资公允价值变动 
 
 
 
（4）企业自身信用风险公允价值变动 
 
 
 
2．将重分类进损益的其他综合收益 
 
-7,686,513.03 
1,867,354.04 
（1）权益法下可转损益的其他综合收益 
 
 
 
（2）其他债权投资公允价值变动 
 
 
 
（3）金融资产重分类计入其他综合收益的
金额 
 
 
 
（4）其他债权投资信用减值准备 
 
 
 
（5）现金流量套期储备 
 
 
 
（6）外币财务报表折算差额 
 
-7,686,513.03 
1,867,354.04 
（7）其他 
 
 
 
（二）归属于少数股东的其他综合收益的税
后净额 
 
 
 
七、综合收益总额 
 
55,712,843,443.43 
49,525,197,236.44 
（一）归属于母公司所有者的综合收益总额  
52,452,457,865.13 
46,699,152,783.85 

