===== 第58页 =====
2022 年年度报告 
58 / 127 
 
长期借款 
 
 
 
应付债券 
 
 
 
其中：优先股 
 
 
 
永续债 
 
 
 
租赁负债 
 
195,899,845.16 
225,090,785.68 
长期应付款 
 
 
 
长期应付职工薪酬 
 
 
 
预计负债 
 
 
 
递延收益 
 
 
 
递延所得税负债 
 
 
 
其他非流动负债 
 
 
 
非流动负债合计 
 
195,899,845.16 
225,090,785.68 
负债合计 
 
13,097,672,871.91 
13,930,926,408.36 
所有者权益（或股东权益）： 
实收资本（或股本） 
 
1,256,197,800.00 
1,256,197,800.00 
其他权益工具 
 
 
 
其中：优先股 
 
 
 
永续债 
 
 
 
资本公积 
 
1,374,303,082.72 
1,374,303,082.72 
减：库存股 
 
 
 
其他综合收益 
 
 
 
专项储备 
 
 
 
盈余公积 
 
32,522,779,178.88 
25,142,832,818.16 
未分配利润 
 
113,539,994,766.29 
101,871,858,632.84 
所有者权益（或股东权益）合计 
 
148,693,274,827.89 
129,645,192,333.72 
负债和所有者权益（或股东权益）
总计 
 
161,790,947,699.80 
143,576,118,742.08 
公司负责人：丁雄军主管会计工作负责人：蒋焰会计机构负责人：蔡聪应 
 
 
合并利润表 
2022 年1—12 月 
单位:元币种:人民币 
项目 
附注 
2022 年度 
2021 年度 
一、营业总收入 
 
127,553,959,355.97 
109,464,278,563.89 
其中：营业收入 
36 
124,099,843,771.99 
106,190,154,843.76 
利息收入 
37 
3,454,115,583.98 
3,274,123,720.13 
已赚保费 
 
 
 
手续费及佣金收入 
 
 
 
二、营业总成本 
 
39,748,309,616.85 
34,776,902,467.47 
其中：营业成本 
36 
10,093,468,616.63 
8,983,377,809.96 
利息支出 
37 
105,584,206.24 
173,897,197.98 
手续费及佣金支出 
37 
143,141.51 
115,082.12 
退保金 
 
 
 
赔付支出净额 
 
 
 
提取保险责任准备金净额 
 
 
 
保单红利支出 
 
 
 
分保费用 
 
 
 

===== 第59页 =====
2022 年年度报告 
59 / 127 
 
税金及附加 
38 
18,495,818,534.22 
15,304,469,070.03 
销售费用 
39 
3,297,724,190.94 
2,737,369,434.78 
管理费用 
40 
9,012,191,073.63 
8,450,274,065.03 
研发费用 
41 
135,185,680.40 
61,923,213.59 
财务费用 
42 
-1,391,805,826.72 
-934,523,406.02 
其中：利息费用 
 
12,023,204.77 
13,529,867.76 
利息收入 
 
1,475,422,303.64 
944,578,412.02 
加：其他收益 
43 
24,505,353.83 
20,515,911.19 
投资收益（损失以“－”号填列） 
44 
63,840,000.00 
58,255,937.39 
其中：对联营企业和合营企业的投资收
益 
 
 
 
以摊余成本计量的金融资产终止
确认收益 
 
 
 
汇兑收益（损失以“－”号填列） 
 
 
 
净敞口套期收益（损失以“-”号填列） 
 
 
 
公允价值变动收益（损失以“－”号填
列） 
45 
 
-2,244,726.29 
信用减值损失（损失以“-”号填列） 
46 
-14,686,546.25 
-13,022,441.19 
资产减值损失（损失以“-”号填列） 
 
 
 
资产处置收益（损失以“－”号填列） 
47 
213,235.69 
 
三、营业利润（亏损以“－”号填列） 
 
87,879,521,782.39 
74,750,880,777.52 
加：营业外收入 
48 
70,852,285.40 
68,989,219.74 
减：营业外支出 
49 
248,884,319.61 
291,838,102.50 
四、利润总额（亏损总额以“－”号填列） 
 
87,701,489,748.18 
74,528,031,894.76 
减：所得税费用 
50 
22,326,352,981.43 
18,807,501,938.30 
五、净利润（净亏损以“－”号填列） 
 
65,375,136,766.75 
55,720,529,956.46 
（一）按经营持续性分类 
1.持续经营净利润（净亏损以“－”号填
列） 
 
65,375,136,766.75 
55,720,529,956.46 
2.终止经营净利润（净亏损以“－”号填
列） 
 
 
 
（二）按所有权归属分类 
1.归属于母公司股东的净利润（净亏损以
“-”号填列） 
 
62,716,443,738.27 
52,460,144,378.16 
2.少数股东损益（净亏损以“-”号填列） 
 
2,658,693,028.48 
3,260,385,578.30 
六、其他综合收益的税后净额 
51 
2,240,973.45 
-7,686,513.03 
（一）归属母公司所有者的其他综合收益的
税后净额 
 
2,240,973.45 
-7,686,513.03 
1．不能重分类进损益的其他综合收益 
 
 
 
（1）重新计量设定受益计划变动额 
 
 
 
（2）权益法下不能转损益的其他综合收益 
 
 
 
（3）其他权益工具投资公允价值变动 
 
 
 
（4）企业自身信用风险公允价值变动 
 
 
 
2．将重分类进损益的其他综合收益 
 
2,240,973.45 
-7,686,513.03 
（1）权益法下可转损益的其他综合收益 
 
 
 
（2）其他债权投资公允价值变动 
 
 
 
（3）金融资产重分类计入其他综合收益的
金额 
 
 
 
（4）其他债权投资信用减值准备 
 
 
 

