===== 第61页 =====
2022 年年度报告 
61 / 127 
 
（一）不能重分类进损益的其他综合收益 
 
 
 
1.重新计量设定受益计划变动额 
 
 
 
2.权益法下不能转损益的其他综合收益 
 
 
 
3.其他权益工具投资公允价值变动 
 
 
 
4.企业自身信用风险公允价值变动 
 
 
 
（二）将重分类进损益的其他综合收益 
 
 
 
1.权益法下可转损益的其他综合收益 
 
 
 
2.其他债权投资公允价值变动 
 
 
 
3.金融资产重分类计入其他综合收益的
金额 
 
 
 
4.其他债权投资信用减值准备 
 
 
 
5.现金流量套期储备 
 
 
 
6.外币财务报表折算差额 
 
 
 
7.其他 
 
 
 
六、综合收益总额 
 
73,799,463,607.18 
49,679,102,092.33 
七、每股收益： 
（一）基本每股收益(元/股) 
 
58.75 
39.55 
（二）稀释每股收益(元/股) 
 
58.75 
39.55 
公司负责人：丁雄军主管会计工作负责人：蒋焰会计机构负责人：蔡聪应 
 
 
 
合并现金流量表 
2022 年1—12 月 
单位：元币种：人民币 
项目 
附注 
2022年度 
2021年度 
一、经营活动产生的现金流量： 
销售商品、提供劳务收到的现金 
 
140,691,678,592.00 119,320,536,796.65 
客户存款和同业存放款项净增加额 
 
-8,916,033,228.67 
7,511,166,145.93 
向中央银行借款净增加额 
 
 
 
向其他金融机构拆入资金净增加额 
 
 
 
收到原保险合同保费取得的现金 
 
 
 
收到再保业务现金净额 
 
 
 
保户储金及投资款净增加额 
 
 
 
收取利息、手续费及佣金的现金 
 
3,247,615,476.04 
3,145,747,032.91 
拆入资金净增加额 
 
 
 
回购业务资金净增加额 
 
 
 
代理买卖证券收到的现金净额 
 
 
 
收到的税费返还 
 
33,191,912.56 
 
收到其他与经营活动有关的现金 
52（1） 
2,759,422,171.88 
1,643,536,862.48 
经营活动现金流入小计 
 
137,815,874,923.81 131,620,986,837.97 
购买商品、接受劳务支付的现金 
 
8,357,859,151.03 
7,745,959,630.90 
客户贷款及垫款净增加额 
 
723,778,672.00 
484,244,272.00 
存放中央银行和同业款项净增加额 
 
13,037,761,321.90 
559,089,326.28 
支付原保险合同赔付款项的现金 
 
 
 
拆出资金净增加额 
 
 
-400,000,000.00 
支付利息、手续费及佣金的现金 
 
79,226,410.98 
163,462,728.48 
支付保单红利的现金 
 
 
 
支付给职工及为职工支付的现金 
 
11,752,241,598.62 
10,061,366,201.66 

===== 第62页 =====
2022 年年度报告 
62 / 127 
 
支付的各项税费 
 
62,043,324,506.36 
44,609,684,025.28 
支付其他与经营活动有关的现金 
52（2） 
5,123,087,432.89 
4,368,504,506.00 
经营活动现金流出小计 
 
101,117,279,093.78 
67,592,310,690.60 
经营活动产生的现金流量净额 
 
36,698,595,830.03 
64,028,676,147.37 
二、投资活动产生的现金流量： 
收回投资收到的现金 
 
 
6,079,930.68 
取得投资收益收到的现金 
 
5,880,000.00 
860,000.00 
处置固定资产、无形资产和其他长期资产收
回的现金净额 
 
355,149.00 
2,463,474.29 
处置子公司及其他营业单位收到的现金净
额 
 
 
 
收到其他与投资活动有关的现金 
52（3） 
4,971,762.18 
9,983,452.63 
投资活动现金流入小计 
 
11,206,911.18 
19,386,857.60 
购建固定资产、无形资产和其他长期资产支
付的现金 
 
5,306,546,416.54 
3,408,784,532.01 
投资支付的现金 
 
210,000,000.00 
2,150,000,000.00 
质押贷款净增加额 
 
 
 
取得子公司及其他营业单位支付的现金净
额 
 
 
 
支付其他与投资活动有关的现金 
52（4） 
31,486,829.54 
23,048,029.93 
投资活动现金流出小计 
 
5,548,033,246.08 
5,581,832,561.94 
投资活动产生的现金流量净额 
 
-5,536,826,334.90 
-5,562,445,704.34 
三、筹资活动产生的现金流量： 
吸收投资收到的现金 
 
 
 
其中：子公司吸收少数股东投资收到的现金 
 
 
 
取得借款收到的现金 
 
 
 
收到其他与筹资活动有关的现金 
 
 
 
筹资活动现金流入小计 
 
 
 
偿还债务支付的现金 
 
 
 
分配股利、利润或偿付利息支付的现金 
 
57,370,196,191.46 
26,476,019,839.37 
其中：子公司支付给少数股东的股利、利润 
 
2,618,815,078.45 
2,240,195,683.97 
支付其他与筹资活动有关的现金 
52（5） 
54,332,788.37 
88,121,549.59 
筹资活动现金流出小计 
 
57,424,528,979.83 
26,564,141,388.96 
筹资活动产生的现金流量净额 
 
-57,424,528,979.83 
-26,564,141,388.96 
四、汇率变动对现金及现金等价物的影响 
 
911,088.01 
-2,026,542.60 
五、现金及现金等价物净增加额 
 
-26,261,848,396.69 
31,900,062,511.47 
加：期初现金及现金等价物余额 
 
178,640,587,379.52 146,740,524,868.05 
六、期末现金及现金等价物余额 
 
152,378,738,982.83 178,640,587,379.52 
公司负责人：丁雄军主管会计工作负责人：蒋焰会计机构负责人：蔡聪应 
 
 
母公司现金流量表 
2022 年1—12 月 
单位:元币种:人民币 
项目 
附注 
2022年度 
2021年度 
一、经营活动产生的现金流量： 
销售商品、提供劳务收到的现金 
 
60,627,778,647.24 
48,582,727,792.21 
收到的税费返还 
 
 
 
收到其他与经营活动有关的现金 
 
1,869,230,100.75 
1,330,181,729.83 

===== 第63页 =====
2022 年年度报告 
63 / 127 
 
经营活动现金流入小计 
 
62,497,008,747.99 
49,912,909,522.04 
购买商品、接受劳务支付的现金 
 
8,247,604,843.54 
7,730,438,800.94 
支付给职工及为职工支付的现金 
 
11,019,897,320.84 
9,421,372,112.36 
支付的各项税费 
 
37,873,356,637.22 
17,808,661,856.89 
支付其他与经营活动有关的现金 
 
2,876,686,272.05 
2,170,307,857.51 
经营活动现金流出小计 
 
60,017,545,073.65 
37,130,780,627.70 
经营活动产生的现金流量净额 
 
2,479,463,674.34 
12,782,128,894.34 
二、投资活动产生的现金流量： 
收回投资收到的现金 
 
 
6,079,930.68 
取得投资收益收到的现金 
 
47,596,490,707.35 
44,741,153,786.43 
处置固定资产、无形资产和其他长期资产收
回的现金净额 
 
317,509.00 
2,453,676.06 
处置子公司及其他营业单位收到的现金净
额 
 
 
 
收到其他与投资活动有关的现金 
 
4,971,762.18 
9,983,452.63 
投资活动现金流入小计 
 
47,601,779,978.53 
44,759,670,845.80 
购建固定资产、无形资产和其他长期资产支
付的现金 
 
5,252,006,054.93 
3,349,912,221.23 
投资支付的现金 
 
 
2,000,000,000.00 
取得子公司及其他营业单位支付的现金净
额 
 
 
 
支付其他与投资活动有关的现金 
 
31,486,829.54 
23,048,029.93 
投资活动现金流出小计 
 
5,283,492,884.47 
5,372,960,251.16 
投资活动产生的现金流量净额 
 
42,318,287,094.06 
39,386,710,594.64 
三、筹资活动产生的现金流量： 
吸收投资收到的现金 
 
 
 
取得借款收到的现金 
 
 
 
收到其他与筹资活动有关的现金 
 
 
 
筹资活动现金流入小计 
 
 
 
偿还债务支付的现金 
 
 
 
分配股利、利润或偿付利息支付的现金 
 
54,751,381,113.01 
24,235,824,155.40 
支付其他与筹资活动有关的现金 
 
19,713,859.66 
53,056,483.06 
筹资活动现金流出小计 
 
54,771,094,972.67 
24,288,880,638.46 
筹资活动产生的现金流量净额 
 
-54,771,094,972.67 
-24,288,880,638.46 
四、汇率变动对现金及现金等价物的影响 
 
 
 
五、现金及现金等价物净增加额 
 
-9,973,344,204.27 
27,879,958,850.52 
加：期初现金及现金等价物余额 
 
77,933,933,271.80 
50,053,974,421.28 
六、期末现金及现金等价物余额 
 
67,960,589,067.53 
77,933,933,271.80 
公司负责人：丁雄军主管会计工作负责人：蒋焰会计机构负责人：蔡聪应 

