===== 第54页 =====
2022 年年度报告 
54 / 127 
 
中国·北京 
二○二三年三月二十九日 
中国注册会计师 
（项目合伙人）： 
童文光 
中国注册会计师： 
     刘宗磊 
中国注册会计师： 
杨舒 
 
 
二、 财务报表 
合并资产负债表 
2022 年12 月31 日 
编制单位:贵州茅台酒股份有限公司 
单位:元币种:人民币 
项目 
附注 
2022 年12 月31 日 
2021 年12 月31 日 
流动资产： 
货币资金 
1 
58,274,318,733.23 
51,810,243,607.11 
结算备付金 
 
 
 
拆出资金 
2 
116,172,711,554.59 
135,067,287,778.03 
交易性金融资产 
 
 
 
衍生金融资产 
 
 
 
应收票据 
3 
105,453,212.00 
 
应收账款 
4 
20,937,144.00 
 
应收款项融资 
 
 
 
预付款项 
5 
897,377,162.27 
389,109,841.28 
应收保费 
 
 
 
应收分保账款 
 
 
 
应收分保合同准备金 
 
 
 
其他应收款 
6 
31,818,622.84 
33,158,974.32 
其中：应收利息 
 
 
 
应收股利 
 
 
 
买入返售金融资产 
 
 
 
存货 
7 
38,824,374,236.24 
33,394,365,084.83 
合同资产 
 
 
 
持有待售资产 
 
 
 
一年内到期的非流动资产 
8 
2,123,601,333.33 
 
其他流动资产 
9 
160,843,674.42 
71,527,560.74 
流动资产合计 
 
216,611,435,672.92 
220,765,692,846.31 
非流动资产： 

===== 第55页 =====
2022 年年度报告 
55 / 127 
 
发放贷款和垫款 
10 
4,134,744,407.92 
3,425,175,000.00 
债权投资 
11 
380,685,319.09 
170,468,623.71 
其他债权投资 
 
 
 
长期应收款 
 
 
 
长期股权投资 
 
 
 
其他权益工具投资 
 
 
 
其他非流动金融资产 
 
 
 
投资性房地产 
12 
5,335,046.99 
5,242,431.75 
固定资产 
13 
19,742,622,547.86 
17,472,173,182.85 
在建工程 
14 
2,208,329,892.95 
2,321,988,541.82 
生产性生物资产 
 
 
 
油气资产 
 
 
 
使用权资产 
15 
402,551,533.46 
362,785,970.23 
无形资产 
16 
7,083,177,226.45 
6,208,358,330.24 
开发支出 
17 
190,536,632.60 
 
商誉 
 
 
 
长期待摊费用 
18 
146,455,346.90 
139,342,455.82 
递延所得税资产 
19 
3,458,931,368.11 
2,237,206,443.84 
其他非流动资产 
20 
 
2,059,761,333.33 
非流动资产合计 
 
37,753,369,322.33 
34,402,502,313.59 
资产总计 
 
254,364,804,995.25 
255,168,195,159.90 
流动负债： 
短期借款 
 
 
 
向中央银行借款 
 
 
 
拆入资金 
 
 
 
交易性金融负债 
 
 
 
衍生金融负债 
 
 
 
应付票据 
 
 
 
应付账款 
21 
2,408,371,053.69 
2,009,832,495.56 
预收款项 
 
 
 
合同负债 
22 
15,471,920,924.98 
12,718,465,288.02 
卖出回购金融资产款 
 
 
 
吸收存款及同业存放 
23 
12,874,043,355.42 
21,763,575,647.32 
代理买卖证券款 
 
 
 
代理承销证券款 
 
 
 
应付职工薪酬 
24 
4,782,311,242.41 
3,677,845,718.53 
应交税费 
25 
6,896,555,423.83 
11,979,802,144.01 
其他应付款 
26 
4,543,842,833.87 
4,124,404,781.29 
其中：应付利息 
 
 
 
应付股利 
 
 
 
应付手续费及佣金 
 
 
 
应付分保账款 
 
 
 
持有待售负债 
 
 
 
一年内到期的非流动负债 
27 
109,351,155.28 
104,319,886.87 
其他流动负债 
28 
1,979,272,808.90 
1,535,976,293.22 
流动负债合计 
 
49,065,668,798.38 
57,914,222,254.82 
非流动负债： 
保险合同准备金 
 
 
 

===== 第56页 =====
2022 年年度报告 
56 / 127 
 
长期借款 
 
 
 
应付债券 
 
 
 
其中：优先股 
 
 
 
永续债 
 
 
 
租赁负债 
29 
334,447,942.79 
296,466,199.74 
长期应付款 
 
 
 
长期应付职工薪酬 
 
 
 
预计负债 
 
 
 
递延收益 
 
 
 
递延所得税负债 
 
 
 
其他非流动负债 
 
 
 
非流动负债合计 
 
334,447,942.79 
296,466,199.74 
负债合计 
 
49,400,116,741.17 
58,210,688,454.56 
所有者权益（或股东权益）： 
实收资本（或股本） 
30 
1,256,197,800.00 
1,256,197,800.00 
其他权益工具 
 
 
 
其中：优先股 
 
 
 
永续债 
 
 
 
资本公积 
31 
1,374,964,415.72 
1,374,964,415.72 
减：库存股 
 
 
 
其他综合收益 
32 
-10,776,907.33 
-13,017,880.78 
专项储备 
 
 
 
盈余公积 
33 
32,522,779,178.88 
25,142,832,818.16 
一般风险准备 
34 
1,061,529,724.00 
1,061,529,724.00 
未分配利润 
35 
161,301,978,184.73 
160,716,861,920.19 
归属于母公司所有者权益（或股东权
益）合计 
 
197,506,672,396.00 
189,539,368,797.29 
少数股东权益 
 
7,458,015,858.08 
7,418,137,908.05 
所有者权益（或股东权益）合计 
 
204,964,688,254.08 
196,957,506,705.34 
负债和所有者权益（或股东权益）
总计 
 
254,364,804,995.25 
255,168,195,159.90 
 
公司负责人：丁雄军主管会计工作负责人：蒋焰会计机构负责人：蔡聪应 
 
 
母公司资产负债表 
2022 年12 月31 日 
编制单位:贵州茅台酒股份有限公司 
单位:元币种:人民币 
项目 
附注 
2022 年12 月31 日 
2021 年12 月31 日 
流动资产： 
货币资金 
 
69,397,227,501.61 
79,115,779,990.88 
交易性金融资产 
 
 
 
衍生金融资产 
 
 
 
应收票据 
 
 
 
应收账款 
1 
20,670,923,010.62 
1,480,080,983.77 
应收款项融资 
 
 
 
预付款项 
 
883,947,665.69 
355,933,658.53 

