===== 第66页 =====
2023 年年度报告 
66 / 143 
 
五、其他综合收益的税后净额 
 
 
 
（一）不能重分类进损益的其他综合
收益 
 
 
 
1.重新计量设定受益计划变动额 
 
 
 
2.权益法下不能转损益的其他综合
收益 
 
 
 
3.其他权益工具投资公允价值变动 
 
 
 
4.企业自身信用风险公允价值变动 
 
 
 
（二）将重分类进损益的其他综合收
益 
 
 
 
1.权益法下可转损益的其他综合收
益 
 
 
 
2.其他债权投资公允价值变动 
 
 
 
3.金融资产重分类计入其他综合收
益的金额 
 
 
 
4.其他债权投资信用减值准备 
 
 
 
5.现金流量套期储备 
 
 
 
6.外币财务报表折算差额 
 
 
 
7.其他 
 
 
 
六、综合收益总额 
 
64,786,396,951.58 73,803,081,142.00 
七、每股收益： 
（一）基本每股收益(元/股) 
 
51.57 
58.75 
（二）稀释每股收益(元/股) 
 
51.57 
58.75 
 
公司负责人：丁雄军主管会计工作负责人：蒋焰会计机构负责人：蔡聪应 
 
 
 
合并现金流量表 
2023 年1—12 月 
单位：元 币种：人民币 
项目 
附注 
2023年度 
2022年度 
一、经营活动产生的现金流量： 
销售商品、提供劳务收到的现金 
 
163,699,909,417.62 140,691,678,592.00 
客户存款和同业存放款项净增加额 
 
-810,223,002.76 
-8,916,033,228.67 
向中央银行借款净增加额 
 
 
 
向其他金融机构拆入资金净增加额 
 
 
 
收到原保险合同保费取得的现金 
 
 
 
收到再保业务现金净额 
 
 
 
保户储金及投资款净增加额 
 
 
 
收取利息、手续费及佣金的现金 
 
3,018,786,023.42 
3,247,615,476.04 
拆入资金净增加额 
 
 
 
回购业务资金净增加额 
 
 
 
代理买卖证券收到的现金净额 
 
 
 
收到的税费返还 
 
1,500,047.04 
33,191,912.56 
收到其他与经营活动有关的现金 
56(1) 
2,346,196,470.63 
2,759,422,171.88 
经营活动现金流入小计 
 
168,256,168,955.95 137,815,874,923.81 
购买商品、接受劳务支付的现金 
 
11,029,476,036.21 
8,357,859,151.03 
客户贷款及垫款净增加额 
 
-2,051,930,316.19 
723,778,672.00 

===== 第67页 =====
2023 年年度报告 
67 / 143 
 
存放中央银行和同业款项净增加额 
 
1,570,003,429.01 
13,037,761,321.90 
支付原保险合同赔付款项的现金 
 
 
 
拆出资金净增加额 
 
2,500,000,000.00 
 
支付利息、手续费及佣金的现金 
 
142,896,151.21 
79,226,410.98 
支付保单红利的现金 
 
 
 
支付给职工及为职工支付的现金 
 
13,845,293,907.26 
11,752,241,598.62 
支付的各项税费 
 
66,683,472,509.22 
62,043,324,506.36 
支付其他与经营活动有关的现金 
56(1) 
7,943,709,518.14 
5,123,087,432.89 
经营活动现金流出小计 
 
101,662,921,234.86 101,117,279,093.78 
经营活动产生的现金流量净额 
 
66,593,247,721.09 
36,698,595,830.03 
二、投资活动产生的现金流量： 
收回投资收到的现金 
56(2) 
7,549,947,301.15 
 
取得投资收益收到的现金 
 
140,715,000.00 
5,880,000.00 
处置固定资产、无形资产和其他长
期资产收回的现金净额 
 
24,948,352.95 
355,149.00 
处置子公司及其他营业单位收到的
现金净额 
 
 
 
收到其他与投资活动有关的现金 
56(2) 
4,605,886.63 
4,971,762.18 
投资活动现金流入小计 
 
7,720,216,540.73 
11,206,911.18 
购建固定资产、无形资产和其他长
期资产支付的现金 
 
2,619,755,888.79 
5,306,546,416.54 
投资支付的现金 
56(2) 
14,817,852,800.00 
210,000,000.00 
质押贷款净增加额 
 
 
 
取得子公司及其他营业单位支付的
现金净额 
 
 
 
支付其他与投资活动有关的现金 
56(2) 
7,021,867.10 
31,486,829.54 
投资活动现金流出小计 
 
17,444,630,555.89 
5,548,033,246.08 
投资活动产生的现金流量净额 
 
-9,724,414,015.16 
-5,536,826,334.90 
三、筹资活动产生的现金流量： 
吸收投资收到的现金 
 
 
 
其中：子公司吸收少数股东投资收
到的现金 
 
 
 
取得借款收到的现金 
 
 
 
收到其他与筹资活动有关的现金 
 
 
 
筹资活动现金流入小计 
 
 
 
偿还债务支付的现金 
 
 
 
分配股利、利润或偿付利息支付的
现金 
 
58,754,786,730.01 
57,370,196,191.46 
其中：子公司支付给少数股东的股
利、利润 
 
2,204,530,367.41 
2,618,815,078.45 
支付其他与筹资活动有关的现金 
56(3) 
134,315,261.93 
54,332,788.37 
筹资活动现金流出小计 
 
58,889,101,991.94 
57,424,528,979.83 
筹资活动产生的现金流量净额 
 
-58,889,101,991.94 -57,424,528,979.83 
四、汇率变动对现金及现金等价物的
影响 
 
1,718,255.65 
911,088.01 
五、现金及现金等价物净增加额 
 
-2,018,550,030.36 -26,261,848,396.69 
加：期初现金及现金等价物余额 
 
152,378,738,982.83 178,640,587,379.52 
六、期末现金及现金等价物余额 
 
150,360,188,952.47 152,378,738,982.83 
 

===== 第68页 =====
2023 年年度报告 
68 / 143 
 
公司负责人：丁雄军主管会计工作负责人：蒋焰会计机构负责人：蔡聪应 
 
 
母公司现金流量表 
2023 年1—12 月 
单位:元 币种:人民币 
项目 
附注 
2023年度 
2022年度 
一、经营活动产生的现金流量： 
销售商品、提供劳务收到的
现金 
 
94,747,549,529.72 
60,627,778,647.24 
收到的税费返还 
 
 
 
收到其他与经营活动有关的
现金 
 
2,257,446,106.71 
1,869,230,100.75 
经营活动现金流入小计 
 
97,004,995,636.43 
62,497,008,747.99 
购买商品、接受劳务支付的
现金 
 
11,054,477,987.64 
8,247,604,843.54 
支付给职工及为职工支付的
现金 
 
13,029,936,131.14 
11,019,897,320.84 
支付的各项税费 
 
39,639,038,426.44 
37,873,356,637.22 
支付其他与经营活动有关的
现金 
 
4,384,891,703.90 
2,876,686,272.05 
经营活动现金流出小计 
 
68,108,344,249.12 
60,017,545,073.65 
经营活动产生的现金流量净
额 
 
28,896,651,387.31 
2,479,463,674.34 
二、投资活动产生的现金流量： 
收回投资收到的现金 
 
2,014,000,000.00 
 
取得投资收益收到的现金 
 
35,474,191,055.51 
47,596,490,707.35 
处置固定资产、无形资产和
其他长期资产收回的现金净额 
 
16,093,650.00 
317,509.00 
处置子公司及其他营业单位
收到的现金净额 
 
 
 
收到其他与投资活动有关的
现金 
 
4,605,886.63 
4,971,762.18 
投资活动现金流入小计 
 
37,508,890,592.14 
47,601,779,978.53 
购建固定资产、无形资产和
其他长期资产支付的现金 
 
2,589,885,182.75 
5,252,006,054.93 
投资支付的现金 
 
4,000,000,000.00 
 
取得子公司及其他营业单位
支付的现金净额 
 
 
 
支付其他与投资活动有关的
现金 
 
7,021,867.10 
31,486,829.54 
投资活动现金流出小计 
 
6,596,907,049.85 
5,283,492,884.47 
投资活动产生的现金流
量净额 
 
30,911,983,542.29 
42,318,287,094.06 
三、筹资活动产生的现金流量： 
吸收投资收到的现金 
 
 
 
取得借款收到的现金 
 
 
 
收到其他与筹资活动有关的
现金 
 
 
 

