===== 第58页 =====
2023 年年度报告 
58 / 143 
 
报表中的相关披露；如果披露不充分，我们应当发表非无保留意见。我们的结论基于截至审计报
告日可获得的信息。然而，未来的事项或情况可能导致贵州茅台不能持续经营。 
（5）评价财务报表的总体列报、结构和内容，并评价财务报表是否公允反映相关交易和事
项。 
（6）就贵州茅台中实体或业务活动的财务信息获取充分、适当的审计证据，以对财务报表
发表审计意见。我们负责指导、监督和执行集团审计，并对审计意见承担全部责任。 
我们与治理层就计划的审计范围、时间安排和重大审计发现等事项进行沟通，包括沟通我们
在审计中识别出的值得关注的内部控制缺陷。 
我们还就已遵守与独立性相关的职业道德要求向治理层提供声明，并与治理层沟通可能被合
理认为影响我们独立性的所有关系和其他事项，以及相关的防范措施（如适用）。 
从与治理层沟通过的事项中，我们确定哪些事项对本期财务报表审计最为重要，因而构成关
键审计事项。我们在审计报告中描述这些事项，除非法律法规禁止公开披露这些事项，或在极少
数情形下，如果合理预期在审计报告中沟通某事项造成的负面后果超过在公众利益方面产生的益
处，我们确定不应在审计报告中沟通该事项。 
 
中国·北京 
二○二四年四月二日 
中国注册会计师 
（项目合伙人）： 
唐洪春 
中国注册会计师： 
      刘宗磊 
中国注册会计师： 
      杨  舒 
 
 
 
二、 财务报表 
合并资产负债表 
2023 年12 月31 日 
编制单位:贵州茅台酒股份有限公司 
单位:元 币种:人民币 
项目 
附注 
2023 年12 月31 日 
2022 年12 月31 日 
流动资产： 
货币资金 
1 
69,070,136,376.12 
58,274,318,733.23 

===== 第59页 =====
2023 年年度报告 
59 / 143 
 
结算备付金 
 
 
 
拆出资金 
2 
105,553,836,462.58 
116,172,711,554.59 
交易性金融资产 
3 
400,712,059.93 
 
衍生金融资产 
 
 
 
应收票据 
4 
13,933,440.00 
105,453,212.00 
应收账款 
5 
60,373,410.41 
20,937,144.00 
应收款项融资 
 
 
 
预付款项 
6 
34,585,111.79 
897,377,162.27 
应收保费 
 
 
 
应收分保账款 
 
 
 
应收分保合同准备金 
 
 
 
其他应收款 
7 
27,502,107.30 
31,818,622.84 
其中：应收利息 
 
 
 
应收股利 
 
 
 
买入返售金融资产 
8 
3,504,849,885.05 
 
存货 
9 
46,435,185,061.53 
38,824,374,236.24 
合同资产 
 
 
 
持有待售资产 
 
 
 
一年内到期的非流动资产 
10 
 
2,123,601,333.33 
其他流动资产 
11 
71,403,906.57 
160,843,674.42 
流动资产合计 
 
225,172,517,821.28 
216,611,435,672.92 
非流动资产： 
发放贷款和垫款 
12 
2,130,818,189.27 
4,134,744,407.92 
债权投资 
13 
5,323,002,071.02 
380,685,319.09 
其他债权投资 
 
 
 
长期应收款 
 
 
 
长期股权投资 
 
 
 
其他权益工具投资 
 
 
 
其他非流动金融资产 
14 
4,002,439,902.57 
 
投资性房地产 
15 
4,138,545.33 
5,335,046.99 
固定资产 
16 
19,909,280,655.97 
19,742,622,547.86 
在建工程 
17 
2,137,464,700.45 
2,208,329,892.95 
生产性生物资产 
 
 
 
油气资产 
 
 
 
使用权资产 
18 
314,205,484.56 
402,551,533.46 
无形资产 
19 
8,572,267,313.84 
7,083,177,226.45 
开发支出 
20 
218,015,555.49 
190,536,632.60 
商誉 
 
 
 
长期待摊费用 
21 
160,058,930.14 
146,455,346.90 
递延所得税资产 
22 
4,645,887,425.10 
3,594,952,468.88 
其他非流动资产 
23 
109,563,497.23 
 
非流动资产合计 
 
47,527,142,270.97 
37,889,390,423.10 
资产总计 
 
272,699,660,092.25 
254,500,826,096.02 
流动负债： 
短期借款 
 
 
 
向中央银行借款 
 
 
 
拆入资金 
 
 
 
交易性金融负债 
 
 
 

===== 第60页 =====
2023 年年度报告 
60 / 143 
 
衍生金融负债 
 
 
 
应付票据 
 
 
 
应付账款 
25 
3,093,091,103.67 
2,408,371,053.69 
预收款项 
 
 
 
合同负债 
26 
14,125,755,802.29 
15,471,920,924.98 
卖出回购金融资产款 
 
 
 
吸收存款及同业存放 
27 
12,034,492,909.95 
12,874,043,355.42 
代理买卖证券款 
 
 
 
代理承销证券款 
 
 
 
应付职工薪酬 
28 
5,401,921,213.77 
4,782,311,242.41 
应交税费 
29 
6,949,663,893.87 
6,896,555,423.83 
其他应付款 
30 
5,213,133,685.87 
4,543,842,833.87 
其中：应付利息 
 
 
 
应付股利 
 
 
 
应付手续费及佣金 
 
 
 
应付分保账款 
 
 
 
持有待售负债 
 
 
 
一年内到期的非流动负债 
31 
57,054,879.48 
109,351,155.28 
其他流动负债 
32 
1,822,498,012.30 
1,979,272,808.90 
流动负债合计 
 
48,697,611,501.20 
49,065,668,798.38 
非流动负债： 
保险合同准备金 
 
 
 
长期借款 
 
 
 
应付债券 
 
 
 
其中：优先股 
 
 
 
永续债 
 
 
 
租赁负债 
33 
266,636,234.04 
334,447,942.79 
长期应付款 
 
 
 
长期应付职工薪酬 
 
 
 
预计负债 
 
 
 
递延收益 
 
 
 
递延所得税负债 
22 
78,943,062.19 
162,628,090.99 
其他非流动负债 
 
 
 
非流动负债合计 
 
345,579,296.23 
497,076,033.78 
负债合计 
 
49,043,190,797.43 
49,562,744,832.16 
所有者权益（或股东权益）： 
实收资本（或股本） 
34 
1,256,197,800.00 
1,256,197,800.00 
其他权益工具 
 
 
 
其中：优先股 
 
 
 
永续债 
 
 
 
资本公积 
35 
1,374,964,415.72 
1,374,964,415.72 
减：库存股 
 
 
 
其他综合收益 
36 
-6,061,727.51 
-10,776,907.33 
专项储备 
 
 
 
盈余公积 
37 
38,998,763,095.13 
32,520,123,399.97 
一般风险准备 
38 
1,061,529,724.00 
1,061,529,724.00 
未分配利润 
39 
172,983,178,300.09 
161,278,002,807.10 

