===== 第66页 =====
贵州茅台酒股份有限公司2024 年年度报告 
66 / 143 
 
减：所得税费用 
 
11,778,037,547.21 10,015,846,339.04 
四、净利润（净亏损以“－”号填列）  
76,370,303,842.59 64,786,396,951.58 
（一）持续经营净利润（净亏损以
“－”号填列） 
 
76,370,303,842.59 64,786,396,951.58 
（二）终止经营净利润（净亏损以
“－”号填列） 
 
 
 
五、其他综合收益的税后净额 
 
 
 
（一）不能重分类进损益的其他综合
收益 
 
 
 
1.重新计量设定受益计划变动额 
 
 
 
2.权益法下不能转损益的其他综合
收益 
 
 
 
3.其他权益工具投资公允价值变动  
 
 
4.企业自身信用风险公允价值变动  
 
 
（二）将重分类进损益的其他综合收
益 
 
 
 
1.权益法下可转损益的其他综合收
益 
 
 
 
2.其他债权投资公允价值变动 
 
 
 
3.金融资产重分类计入其他综合收
益的金额 
 
 
 
4.其他债权投资信用减值准备 
 
 
 
5.现金流量套期储备 
 
 
 
6.外币财务报表折算差额 
 
 
 
7.其他 
 
 
 
六、综合收益总额 
 
76,370,303,842.59 64,786,396,951.58 
七、每股收益： 
（一）基本每股收益(元/股) 
 
60.79 
51.57 
（二）稀释每股收益(元/股) 
 
60.79 
51.57 
 
公司负责人：张德芹 主管会计工作负责人：蒋焰 会计机构负责人：蔡聪应 
 
 
合并现金流量表 
2024 年1—12 月 
单位：元  币种：人民币 
项目 
附注 
2024年度 
2023年度 
一、经营活动产生的现金流量： 
销售商品、提供劳务收到的现金 
 
182,645,203,339.89 163,699,909,417.62 
客户存款和同业存放款项净增加额 
 
11,060,205,782.10 
-810,223,002.76 
向中央银行借款净增加额 
 
 
 
向其他金融机构拆入资金净增加额 
 
 
 
收到原保险合同保费取得的现金 
 
 
 
收到再保业务现金净额 
 
 
 
保户储金及投资款净增加额 
 
 
 
收取利息、手续费及佣金的现金 
 
3,122,827,833.43 
3,018,786,023.42 
拆入资金净增加额 
 
 
 
回购业务资金净增加额 
 
 
 
代理买卖证券收到的现金净额 
 
 
 

===== 第67页 =====
贵州茅台酒股份有限公司2024 年年度报告 
67 / 143 
 
收到的税费返还 
 
 
1,500,047.04 
收到其他与经营活动有关的现金 
56(1) 
3,258,097,705.14 
2,346,196,470.63 
经营活动现金流入小计 
 
200,086,334,660.56 168,256,168,955.95 
购买商品、接受劳务支付的现金 
 
10,824,874,163.03 
11,029,476,036.21 
客户贷款及垫款净增加额 
 
262,376,929.65 
-2,051,930,316.19 
存放中央银行和同业款项净增加额 
 
-4,585,245,646.29 
1,570,003,429.01 
支付原保险合同赔付款项的现金 
 
 
 
拆出资金净增加额 
 
-400,000,000.00 
2,500,000,000.00 
支付利息、手续费及佣金的现金 
 
97,061,751.28 
142,896,151.21 
支付保单红利的现金 
 
 
 
支付给职工及为职工支付的现金 
 
15,352,541,000.17 
13,845,293,907.26 
支付的各项税费 
 
77,055,621,533.11 
66,683,472,509.22 
支付其他与经营活动有关的现金 
56(1) 
9,015,412,761.18 
7,943,709,518.14 
经营活动现金流出小计 
 
107,622,642,492.13 101,662,921,234.86 
经营活动产生的现金流量净额 
 
92,463,692,168.43 
66,593,247,721.09 
二、投资活动产生的现金流量： 
收回投资收到的现金 
56(2) 
8,550,000,000.00 
7,549,947,301.15 
取得投资收益收到的现金 
 
92,382,151.66 
140,715,000.00 
处置固定资产、无形资产和其他长期
资产收回的现金净额 
 
715,708.44 
24,948,352.95 
处置子公司及其他营业单位收到的现
金净额 
 
 
 
收到其他与投资活动有关的现金 
56(2) 
5,532,536.42 
4,605,886.63 
投资活动现金流入小计 
 
8,648,630,396.52 
7,720,216,540.73 
购建固定资产、无形资产和其他长期
资产支付的现金 
 
4,678,712,053.56 
2,619,755,888.79 
投资支付的现金 
56(2) 
5,745,136,000.00 
14,817,852,800.00 
质押贷款净增加额 
 
 
 
取得子公司及其他营业单位支付的现
金净额 
 
 
 
支付其他与投资活动有关的现金 
56(2) 
9,984,973.67 
7,021,867.10 
投资活动现金流出小计 
 
10,433,833,027.23 
17,444,630,555.89 
投资活动产生的现金流量净额 
 
-1,785,202,630.71 
-9,724,414,015.16 
三、筹资活动产生的现金流量： 
吸收投资收到的现金 
 
 
 
其中：子公司吸收少数股东投资收到
的现金 
 
 
 
取得借款收到的现金 
 
 
 
收到其他与筹资活动有关的现金 
 
 
 
筹资活动现金流入小计 
 
 
 
偿还债务支付的现金 
 
 
 
分配股利、利润或偿付利息支付的现
金 
 
70,951,027,702.94 
58,754,786,730.01 
其中：子公司支付给少数股东的股
利、利润 
 
2,164,148,570.54 
2,204,530,367.41 
支付其他与筹资活动有关的现金 
56(3) 
116,478,781.87 
134,315,261.93 
筹资活动现金流出小计 
 
71,067,506,484.81 
58,889,101,991.94 
筹资活动产生的现金流量净额 
 
-71,067,506,484.81 -58,889,101,991.94 

===== 第68页 =====
贵州茅台酒股份有限公司2024 年年度报告 
68 / 143 
 
四、汇率变动对现金及现金等价物的影
响 
 
-1,082,747.55 
1,718,255.65 
五、现金及现金等价物净增加额 
 
19,609,900,305.36 
-2,018,550,030.36 
加：期初现金及现金等价物余额 
 
150,360,188,952.47 152,378,738,982.83 
六、期末现金及现金等价物余额 
 
169,970,089,257.83 150,360,188,952.47 
 
公司负责人：张德芹 主管会计工作负责人：蒋焰 会计机构负责人：蔡聪应 
 
母公司现金流量表 
2024 年1—12 月 
单位：元  币种：人民币 
项目 
附注 
2024年度 
2023年度 
一、经营活动产生的现金流量： 
销售商品、提供劳务收到的现金 
 
111,538,681,686.42 
94,747,549,529.72 
收到的税费返还 
 
 
 
收到其他与经营活动有关的现金 
 
2,431,345,218.78 
2,257,446,106.71 
经营活动现金流入小计 
 
113,970,026,905.20 
97,004,995,636.43 
购买商品、接受劳务支付的现金 
 
10,717,006,325.62 
11,054,477,987.64 
支付给职工及为职工支付的现金 
 
14,510,476,588.58 
13,029,936,131.14 
支付的各项税费 
 
47,090,165,083.33 
39,639,038,426.44 
支付其他与经营活动有关的现金 
 
4,825,785,638.97 
4,384,891,703.90 
经营活动现金流出小计 
 
77,143,433,636.50 
68,108,344,249.12 
经营活动产生的现金流量净额 
 
36,826,593,268.70 
28,896,651,387.31 
二、投资活动产生的现金流量： 
收回投资收到的现金 
 
 
2,014,000,000.00 
取得投资收益收到的现金 
 
42,023,527,068.33 
35,474,191,055.51 
处置固定资产、无形资产和其他长期
资产收回的现金净额 
 
698,117.00 
16,093,650.00 
处置子公司及其他营业单位收到的现
金净额 
 
 
 
收到其他与投资活动有关的现金 
 
5,532,536.42 
4,605,886.63 
投资活动现金流入小计 
 
42,029,757,721.75 
37,508,890,592.14 
购建固定资产、无形资产和其他长期
资产支付的现金 
 
4,660,307,532.89 
2,589,885,182.75 
投资支付的现金 
 
 
4,000,000,000.00 
取得子公司及其他营业单位支付的现
金净额 
 
 
 
支付其他与投资活动有关的现金 
 
9,984,973.67 
7,021,867.10 
投资活动现金流出小计 
 
4,670,292,506.56 
6,596,907,049.85 
投资活动产生的现金流量净额 
 
37,359,465,215.19 
30,911,983,542.29 
三、筹资活动产生的现金流量： 
吸收投资收到的现金 
 
 
 
取得借款收到的现金 
 
 
 
收到其他与筹资活动有关的现金 
 
 
 
筹资活动现金流入小计 
 
 
 
偿还债务支付的现金 
 
 
 
分配股利、利润或偿付利息支付的现
金 
 
68,786,879,132.40 
56,550,256,362.60 
支付其他与筹资活动有关的现金 
 
29,955,836.02 
71,050,469.50 

