===== 第63页 =====
贵州茅台酒股份有限公司2024 年年度报告 
63 / 143 
 
其他综合收益 
 
 
 
专项储备 
 
 
 
盈余公积 
 
46,635,793,479.39 
38,998,763,095.13 
未分配利润 
 
115,219,987,975.81 
115,273,593,649.88 
所有者权益（或股东权
益）合计 
 
164,486,282,337.92 
156,902,857,627.73 
负债和所有者权益（或
股东权益）总计 
 
180,236,524,477.01 
171,584,366,864.08 
公司负责人：张德芹 主管会计工作负责人：蒋焰 会计机构负责人：蔡聪应 
 
 
合并利润表 
2024 年1—12 月 
单位：元  币种：人民币 
项目 
附注 
2024 年度 
2023 年度 
一、营业总收入 
 
174,144,069,958.25 150,560,330,316.45 
其中：营业收入 
40 
170,899,152,276.34 147,693,604,994.14 
利息收入 
41 
3,244,917,681.91 
2,866,725,322.31 
已赚保费 
 
 
 
手续费及佣金收入 
 
 
 
二、营业总成本 
 
54,523,971,452.57 
46,960,889,468.54 
其中：营业成本 
40 
13,789,482,367.98 
11,867,273,851.78 
利息支出 
41 
105,127,802.03 
113,500,129.93 
手续费及佣金支出 
41 
94,078.17 
68,578.57 
退保金 
 
 
 
赔付支出净额 
 
 
 
提取保险责任准备金净额 
 
 
 
保单红利支出 
 
 
 
分保费用 
 
 
 
税金及附加 
42 
26,926,161,474.99 
22,234,175,898.60 
销售费用 
43 
5,639,300,059.49 
4,648,613,585.82 
管理费用 
44 
9,315,650,060.38 
9,729,389,252.31 
研发费用 
45 
218,375,472.87 
157,371,873.01 
财务费用 
46 
-1,470,219,863.34 
-1,789,503,701.48 
其中：利息费用 
 
14,474,584.09 
12,624,628.35 
利息收入 
 
1,476,991,223.18 
1,942,301,920.98 
加：其他收益 
47 
21,229,466.81 
34,644,873.86 
投资收益（损失以“－”号填
列） 
48 
9,130,340.37 
34,025,967.82 
其中：对联营企业和合营企业的
投资收益 
 
 
 
以摊余成本计量的金融资
产终止确认收益 
 
 
 
汇兑收益（损失以“－”号填
列） 
 
 
 
净敞口套期收益（损失以“-”
号填列） 
 
 
 

===== 第64页 =====
贵州茅台酒股份有限公司2024 年年度报告 
64 / 143 
 
公允价值变动收益（损失以
“－”号填列） 
49 
60,980,724.35 
3,151,962.50 
信用减值损失（损失以“-”号
填列） 
50 
-23,248,436.03 
37,871,293.26 
资产减值损失（损失以“-”号
填列） 
 
 
 
资产处置收益（损失以“－”号
填列） 
51 
388,852.05 
-479,736.97 
三、营业利润（亏损以“－”号填列） 
 
119,688,579,453.23 103,708,655,208.38 
加：营业外收入 
52 
70,936,575.97 
86,779,655.95 
减：营业外支出 
53 
120,937,834.74 
132,881,174.52 
四、利润总额（亏损总额以“－”号填
列） 
 
119,638,578,194.46 103,662,553,689.81 
减：所得税费用 
54 
30,303,850,168.56 
26,141,077,412.01 
五、净利润（净亏损以“－”号填列）  
89,334,728,025.90 
77,521,476,277.80 
（一）按经营持续性分类 
1.持续经营净利润（净亏损以
“－”号填列） 
 
89,334,728,025.90 
77,521,476,277.80 
2.终止经营净利润（净亏损以
“－”号填列） 
 
 
 
（二）按所有权归属分类 
1.归属于母公司股东的净利润（净
亏损以“-”号填列） 
 
86,228,146,421.62 
74,734,071,550.75 
2.少数股东损益（净亏损以“-”
号填列） 
 
3,106,581,604.28 
2,787,404,727.05 
六、其他综合收益的税后净额 
55 
-3,854,497.18 
4,715,179.82 
（一）归属母公司所有者的其他综合
收益的税后净额 
 
-3,854,497.18 
4,715,179.82 
1．不能重分类进损益的其他综合
收益 
 
 
 
（1）重新计量设定受益计划变动额 
 
 
 
（2）权益法下不能转损益的其他综
合收益 
 
 
 
（3）其他权益工具投资公允价值变
动 
 
 
 
（4）企业自身信用风险公允价值变
动 
 
 
 
2．将重分类进损益的其他综合收
益 
 
-3,854,497.18 
4,715,179.82 
（1）权益法下可转损益的其他综合
收益 
 
 
 
（2）其他债权投资公允价值变动 
 
 
 
（3）金融资产重分类计入其他综合
收益的金额 
 
 
 
（4）其他债权投资信用减值准备 
 
 
 
（5）现金流量套期储备 
 
 
 
（6）外币财务报表折算差额 
 
-3,854,497.18 
4,715,179.82 
（7）其他 
 
 
 

