===== 第61页 =====
贵州茅台酒股份有限公司2025 年年度报告
61 / 143
盈余公积
50,543,176,610.94
46,635,793,479.39
未分配利润
127,322,996,467.02
115,219,987,975.81
所有者权益（或股东权
益）合计
178,999,246,453.61
164,486,282,337.92
负债和所有者权益（或
股东权益）总计
195,350,142,529.19
180,236,524,477.01
公司负责人：陈华主管会计工作负责人：余思明会计机构负责人：蔡聪应
合并利润表
2025 年1—12 月
单位：元
币种：人民币
项目
附注
2025 年度
2024 年度
一、营业总收入
172,054,171,890.91
174,144,069,958.25
其中：营业收入
44
168,838,102,514.79
170,899,152,276.34
利息收入
45
3,216,069,376.12
3,244,917,681.91
已赚保费
手续费及佣金收入
二、营业总成本
57,370,818,034.33
54,523,971,452.57
其中：营业成本
44
14,892,277,570.91
13,789,482,367.98
利息支出
45
175,775,959.12
105,127,802.03
手续费及佣金支出
45
103,597.22
94,078.17
退保金
赔付支出净额
提取保险责任准备金净额
保单红利支出
分保费用
税金及附加
46
27,354,227,684.88
26,926,161,474.99
销售费用
47
7,253,499,600.68
5,639,300,059.49
管理费用
48
8,320,061,659.66
9,315,650,060.38
研发费用
49
190,112,246.58
218,375,472.87
财务费用
50
-815,240,284.72
-1,470,219,863.34
其中：利息费用
28,734,948.29
14,474,584.09
利息收入
842,988,240.60
1,476,991,223.18
加：其他收益
51
28,531,529.30
21,229,466.81
投资收益（损失以“－”号填
列）
52
561,176.14
9,130,340.37
其中：对联营企业和合营企业
的投资收益
181,873.67
以摊余成本计量的金融
资产终止确认收益
汇兑收益（损失以“－”号填
列）
净敞口套期收益（损失以“-”
号填列）
公允价值变动收益（损失以
“－”号填列）
53
76,162,597.66
60,980,724.35
信用减值损失（损失以“-”
54
17,234,379.37
-23,248,436.03

===== 第62页 =====
贵州茅台酒股份有限公司2025 年年度报告
62 / 143
号填列）
资产减值损失（损失以“-”
号填列）
资产处置收益（损失以“－”
号填列）
55
3,106,625.19
388,852.05
三、营业利润（亏损以“－”号填列）
114,808,950,164.24
119,688,579,453.23
加：营业外收入
56
74,947,039.70
70,936,575.97
减：营业外支出
57
128,635,598.86
120,937,834.74
四、利润总额（亏损总额以“－”号
填列）
114,755,261,605.08
119,638,578,194.46
减：所得税费用
58
29,444,936,771.41
30,303,850,168.56
五、净利润（净亏损以“－”号填列）
85,310,324,833.67
89,334,728,025.90
（一）按经营持续性分类
1.持续经营净利润（净亏损以
“－”号填列）
85,310,324,833.67
89,334,728,025.90
2.终止经营净利润（净亏损以
“－”号填列）
（二）按所有权归属分类
1.归属于母公司股东的净利润
（净亏损以“-”号填列）
82,320,067,101.68
86,228,146,421.62
2.少数股东损益（净亏损以“-”
号填列）
2,990,257,731.99
3,106,581,604.28
六、其他综合收益的税后净额
59
-74,127.66
-3,854,497.18
（一）归属母公司所有者的其他综
合收益的税后净额
4,137,381.07
-3,854,497.18
1．不能重分类进损益的其他综
合收益
（1）重新计量设定受益计划变动
额
（2）权益法下不能转损益的其他
综合收益
（3）其他权益工具投资公允价值
变动
（4）企业自身信用风险公允价值
变动
2．将重分类进损益的其他综合
收益
4,137,381.07
-3,854,497.18
（1）权益法下可转损益的其他综
合收益
（2）其他债权投资公允价值变动
-4,383,407.05
（3）金融资产重分类计入其他综
合收益的金额
（4）其他债权投资信用减值准备
（5）现金流量套期储备
（6）外币财务报表折算差额
8,520,788.12
-3,854,497.18
（7）其他
（二）归属于少数股东的其他综合
收益的税后净额
-4,211,508.73
七、综合收益总额
85,310,250,706.01
89,330,873,528.72

