===== 第56页 =====
贵州茅台酒股份有限公司2025 年年度报告
56 / 143
(四) 对管理层使用持续经营假设的恰当性得出结论。同时，根据获取的审计证据，就可能导
致对贵州茅台公司持续经营能力产生重大疑虑的事项或情况是否存在重大不确定性得出结论。如
果我们得出结论认为存在重大不确定性，审计准则要求我们在审计报告中提请报表使用者注意财
务报表中的相关披露；如果披露不充分，我们应当发表非无保留意见。我们的结论基于截至审计
报告日可获得的信息。然而，未来的事项或情况可能导致贵州茅台公司不能持续经营。
(五) 评价财务报表的总体列报、结构和内容，并评价财务报表是否公允反映相关交易和事项。
(六) 就贵州茅台公司中实体或业务活动的财务信息获取充分、适当的审计证据，以对财务报
表发表审计意见。我们负责指导、监督和执行集团审计，并对审计意见承担全部责任。
我们与治理层就计划的审计范围、时间安排和重大审计发现等事项进行沟通，包括沟通我们
在审计中识别出的值得关注的内部控制缺陷。
我们还就已遵守与独立性相关的职业道德要求向治理层提供声明，并与治理层沟通可能被合
理认为影响我们独立性的所有关系和其他事项，以及相关的防范措施（如适用）。
从与治理层沟通过的事项中，我们确定哪些事项对本期财务报表审计最为重要，因而构成关
键审计事项。我们在审计报告中描述这些事项，除非法律法规禁止公开披露这些事项，或在极少
数情形下，如果合理预期在审计报告中沟通某事项造成的负面后果超过在公众利益方面产生的益
处，我们确定不应在审计报告中沟通该事项。
天健会计师事务所（特殊普通合伙）
中国注册会计师：
李青龙
（项目合伙人）
中国·杭州
中国注册会计师：
梁正勇
中国注册会计师：
曾志
二〇二六年四月十五日
二、财务报表
合并资产负债表
2025 年12 月31 日
编制单位：贵州茅台酒股份有限公司
单位：元
币种：人民币
项目
附注
2025 年12 月31 日
2024 年12 月31 日
流动资产：
货币资金
1
51,690,610,946.50
59,295,822,956.89
结算备付金
拆出资金
2
99,096,188,059.75
127,187,293,298.17
交易性金融资产
3
248,513,280.00

===== 第57页 =====
贵州茅台酒股份有限公司2025 年年度报告
57 / 143
衍生金融资产
应收票据
4
1,984,407,967.50
应收账款
5
2,609,048.49
18,974,192.75
应收款项融资
6
4,457,064,160.16
预付款项
7
6,637,314.31
26,975,033.20
应收保费
应收分保账款
应收分保合同准备金
其他应收款
8
36,281,302.94
29,955,673.47
其中：应收利息
应收股利
买入返售金融资产
9
8,879,708,146.97
7,220,310,691.10
存货
10
61,427,421,796.18
54,343,285,157.47
其中：数据资源
合同资产
持有待售资产
一年内到期的非流动资产
11
26,871,114,612.71
1,210,959,803.42
其他流动资产
12
51,027,010.56
160,176,582.69
流动资产合计
252,518,662,398.57
251,726,674,636.66
非流动资产：
发放贷款和垫款
13
1,553,536,744.78
2,381,228,475.45
债权投资
14
1,113,032,405.66
1,515,174,439.92
其他债权投资
15
3,496,539,016.41
长期应收款
长期股权投资
16
147,181,873.67
其他权益工具投资
其他非流动金融资产
17
4,105,141,593.22
4,028,978,995.56
投资性房地产
18
3,108,042.56
7,625,167.83
固定资产
19
22,488,122,304.35
21,871,446,747.14
在建工程
20
2,471,886,030.58
2,149,619,937.05
生产性生物资产
油气资产
使用权资产
21
221,738,227.51
410,594,173.53
无形资产
22
8,685,618,688.56
8,850,205,831.00
其中：数据资源
开发支出
23
117,009,982.85
98,522,878.42
其中：数据资源
商誉
长期待摊费用
24
135,324,580.08
152,105,949.85
递延所得税资产
25
6,602,469,151.22
5,520,006,868.83
其他非流动资产
26
175,472,981.42
232,395,817.46
非流动资产合计
51,316,181,622.87
47,217,905,282.04
资产总计
303,834,844,021.44
298,944,579,918.70
流动负债：
短期借款
向中央银行借款
拆入资金
交易性金融负债

===== 第58页 =====
贵州茅台酒股份有限公司2025 年年度报告
58 / 143
衍生金融负债
应付票据
应付账款
28
4,007,309,049.87
3,514,969,230.31
预收款项
合同负债
29
8,006,739,780.94
9,592,453,014.66
卖出回购金融资产款
吸收存款及同业存放
30
18,038,383,776.30
23,102,858,820.97
代理买卖证券款
代理承销证券款
应付职工薪酬
31
5,523,447,166.50
5,824,371,399.07
应交税费
32
7,697,169,830.69
7,717,686,541.38
其他应付款
33
5,298,261,266.22
5,429,006,700.86
其中：应付利息
应付股利
应付手续费及佣金
应付分保账款
持有待售负债
一年内到期的非流动负债
34
44,206,237.05
111,951,112.20
其他流动负债
35
994,959,710.24
1,222,693,799.51
流动负债合计
49,610,476,817.81
56,515,990,618.96
非流动负债：
保险合同准备金
长期借款
应付债券
其中：优先股
永续债
租赁负债
36
189,504,942.77
313,906,415.76
长期应付款
长期应付职工薪酬
预计负债
递延收益
递延所得税负债
25
75,608,351.79
103,367,763.38
其他非流动负债
非流动负债合计
265,113,294.56
417,274,179.14
负债合计
49,875,590,112.37
56,933,264,798.10
所有者权益（或股东权益）：
实收资本（或股本）
37
1,252,270,215.00
1,256,197,800.00
其他权益工具
其中：优先股
永续债
资本公积
38
1,577,095.18
1,374,964,415.72
减：库存股
39
120,112,601.53
其他综合收益
40
-5,778,843.62
-9,916,224.69
专项储备
盈余公积
41
50,543,176,610.94
46,635,793,479.39
一般风险准备
42
1,061,529,724.00
1,061,529,724.00
未分配利润
43
191,905,148,832.21
182,787,415,205.05
归属于母公司所有者权益
244,637,811,032.18
233,105,984,399.47

