================================================================================
青岛港 2022年年报 · 合并报表 dump
================================================================================


────────────────────────────────────────────────────────────────────────────────
📄 BS 第116页 (PDF页码)
────────────────────────────────────────────────────────────────────────────────
年度報告 2022
115
合併資產負債表
2022年12月31日
（除特別註明外，金額單位為人民幣元）
資產
附註四
2022年12月31日
2021年12月31日
（經重述）
流動資產
貨幣資金
(1)
9,183,323,879
9,130,883,770
交易性金融資產
(2)
999,864,829
837,190,078
應收票據
(3)
96,070,105
56,473,397
應收賬款
(4)
2,016,471,556
1,965,092,283
應收款項融資
(5)
280,619,222
384,875,823
預付款項
(6)
126,266,656
113,794,979
其他應收款
(7)
852,817,484
5,623,790,856
存貨
(8)
54,146,549
130,810,650
合同資產
(9)
123,966,449
420,642,735
一年內到期的非流動資產
(11)
2,717,391
663,670,692
其他流動資產
(10)
141,272,926
1,248,826,732
 
 
流動資產合計
13,877,537,046
20,576,051,995
 
 
非流動資產
長期應收款
(11)
32,141,987
2,338,651,819
長期股權投資
(12)
12,888,086,094
9,847,613,999
其他非流動金融資產
(13)
393,840,402
897,168,337
投資性房地產
(14)
145,666,381
184,884,218
固定資產
(15)
22,183,661,213
19,384,964,534
在建工程
(16)
2,491,929,634
3,513,501,488
使用權資產
(17)
629,604,435
370,858,887
無形資產
(18)
3,202,177,728
3,217,897,470
開發支出
(18)
30,804,841
24,006,548
商譽
(19)
48,683,209
48,683,209
長期待攤費用
75,685,037
58,847,014
遞延所得稅資產
(20)
960,832,968
951,155,060
其他非流動資產
(21)
515,259,386
805,300,026
 
 
非流動資產合計
43,598,373,315
41,643,532,609
 
 
資產總計
57,475,910,361
62,219,584,604
 
 


────────────────────────────────────────────────────────────────────────────────
📄 BS 第117页 (PDF页码)
────────────────────────────────────────────────────────────────────────────────
青島港國際股份有限公司
116
合併資產負債表（續）
2022年12月31日
（除特別註明外，金額單位為人民幣元）
負債和股東權益
附註四
2022年12月31日
2021年12月31日
（經重述）
流動負債
短期借款
(23)
269,088,147
1,498,398,064
應付票據
(24)
1,034,898,039
1,237,001,063
應付賬款
(25)
1,435,308,348
1,504,308,175
預收款項
9,224,728
9,224,580
合同負債
(26)
273,592,129
216,343,911
應付職工薪酬
(27)
631,271,564
556,625,450
應交稅費
(28)
306,380,839
271,674,999
其他應付款
(29)
3,985,877,916
10,919,971,844
一年內到期的非流動負債
(30)
720,194,743
189,026,667
其他流動負債
21,117,185
14,364,855
 
 
流動負債合計
8,686,953,638
16,416,939,608
 
 
非流動負債
長期借款
(31)
1,542,527,600
–
租賃負債
(32)
482,364,123
184,438,326
長期應付款
(33)
374,006,498
211,757,561
預計負債
30,844,000
34,844,000
遞延收益
(34)
323,941,118
311,098,110
長期應付職工薪酬
(35)
2,426,440,000
2,507,396,712
遞延所得稅負債
(20)
50,374,062
53,283,934
其他非流動負債
(36)
2,281,541,172
2,482,691,848
 
 
非流動負債合計
7,512,038,573
5,785,510,491
 
 
負債合計
16,198,992,211
22,202,450,099
 
 
股東權益
股本
(37)
6,491,100,000
6,491,100,000
資本公積
(38)
11,878,388,652
12,862,527,869
其他綜合收益
(39)
(43,501,228)
(7,107,484)
專項儲備
12,449,939
3,918,032
盈餘公積
(40)
2,419,818,733
2,002,688,003
一般風險準備
(41)
–
411,248,470
未分配利潤
(42)
16,641,485,185
13,786,510,309
 
 
歸屬於母公司股東權益合計
37,399,741,281
35,550,885,199
少數股東權益
3,877,176,869
4,466,249,306
 
 
股東權益合計
41,276,918,150
40,017,134,505
 
 
負債和股東權益總計
57,475,910,361
62,219,584,604
 
 
後附財務報表附註為財務報表的組成部分。
企業負責人：
主管會計工作的負責人：
會計機構負責人：


────────────────────────────────────────────────────────────────────────────────
📄 PL 第120页
────────────────────────────────────────────────────────────────────────────────
年度報告 2022
119
合併利潤表
2022年度
（除特別註明外，金額單位為人民幣元）
項目
附註四
2022年度
2021年度
（經重述）
一、 
營業收入
(43)
19,262,764,979
16,792,662,879
減：營業成本
(43)、(47)
(13,205,817,567)
(11,463,713,784)
稅金及附加
(44)
(145,299,633)
(146,916,440)
銷售費用
(47)
(106,942,092)
(55,390,616)
管理費用
(45)、(47)
(952,094,715)
(917,476,861)
研發費用
(18)、(47)
(111,267,803)
(82,826,916)
財務費用
(46)
183,818,905
100,057,267
   其中：利息費用
154,628,607
174,929,949
      利息收入
342,392,186
376,602,040
加：其他收益
(48)
201,961,629
166,952,927
投資收益
(49)
1,434,016,239
1,435,042,907
   其中：對聯營企業和合營企業的投資收益
1,270,143,860
1,184,282,335
公允價值變動收益
8,486,958
20,145,692
信用減值損失
(50)
(15,406,222)
(38,178,909)
資產減值損失
(8,957,369)
(8,759,366)
資產處置收益
15,201,237
33,058,469
 
 
二、 
營業利潤
6,560,464,546
5,834,657,249
加：營業外收入
7,730,650
4,725,811
減：營業外支出
(12,542,167)
(3,984,303)
 
 
三、 
利潤總額
6,555,653,029
5,835,398,757
減：所得稅費用
(51)
(1,308,790,870)
(1,169,195,559)
 
 
四、 
淨利潤
5,246,862,159
4,666,203,198
 
 
其中：同一控制下企業合併中被合併方在合併前
    實現的淨利潤╱（虧損）
(5,675,058)
36,383,256
按經營持續性分類
 持續經營淨利潤
4,956,458,388
4,374,744,237
 終止經營淨利潤
290,403,771
291,458,961
按所有權歸屬分類
 少數股東損益
721,686,983
683,990,714
 歸屬於母公司股東的淨利潤
4,525,175,176
3,982,212,484


────────────────────────────────────────────────────────────────────────────────
📄 CF 第123页
────────────────────────────────────────────────────────────────────────────────
青島港國際股份有限公司
122
合併現金流量表
2022年度
（除特別註明外，金額單位為人民幣元）
項目
附註四
2022年度
2021年度
（經重述）
一、
經營活動產生的現金流量
銷售商品、提供勞務收到的現金
19,394,019,057
16,672,830,797
收到的稅費返還
633,761,001
49,791,082
收到其他與經營活動有關的現金
(53)(a)
1,034,338,895
303,441,406
 
 
 經營活動現金流入小計
21,062,118,953
17,026,063,285
 
 
購買商品、接受勞務支付的現金
(9,518,205,474)
(7,540,358,641)
支付給職工以及為職工支付的現金
(3,227,032,322)
(2,830,714,490)
支付的各項稅費
(1,817,450,711)
(1,705,983,334)
支付其他與經營活動有關的現金
(53)(b)
(266,419,183)
(2,028,367,233)
 
 
 經營活動現金流出小計
(14,829,107,690)
(14,105,423,698)
 
 
  經營活動產生的現金流量淨額
(54)(a)
6,233,011,263
2,920,639,587
 
 
二、
投資活動產生的現金流量
收回投資收到的現金
6,657,851,807
18,925,115,349
取得投資收益所收到的現金
393,929,438
1,860,707,676
處置固定資產、無形資產和其他長期資產收回的現金淨額
32,267,443
78,662,991
處置子公司及其他營業單位收到的現金淨額
(54)(b)
3,342,729,145
28,935,375
收到其他與投資活動有關的現金
(53)(c)
6,540,274,145
2,859,500,219
 
 
 投資活動現金流入小計
16,967,051,978
23,752,921,610
 
 
購建固定資產、無形資產和其他長期資產支付的現金
(2,956,796,323)
(2,514,167,124)
投資支付的現金
(10,297,908,893)
(15,231,369,447)
支付其他與投資活動有關的現金
(53)(d)
(4,507,764,241)
(3,815,740,853)
 
 
 投資活動現金流出小計
(17,762,469,457)
(21,561,277,424)
 
 
  投資活動產生的現金流量淨額
(795,417,479)
2,191,644,186
 
 


────────────────────────────────────────────────────────────────────────────────
📄 CF 第124页
────────────────────────────────────────────────────────────────────────────────
年度報告 2022
123
合併現金流量表（續）
2022年度
（除特別註明外，金額單位為人民幣元）
項目
附註四
2022年度
2021年度
（經重述）
三、
籌資活動產生的現金流量
吸收投資收到的現金
14,450,000
102,940,000
其中：子公司吸收少數股東投資收到的現金
14,450,000
102,940,000
取得借款收到的現金
1,731,028,099
3,681,335,697
收到其他與籌資活動有關的現金
(53)(e)
239,000,000
934,619,494
 
 
 籌資活動現金流入小計
1,984,478,099
4,718,895,191
 
 
償還債務支付的現金
(2,498,521,977)
(4,898,435,843)
分配股利、利潤或償付利息支付的現金
(2,340,319,576)
(2,482,613,948)
其中：子公司支付給少數股東的利潤
(501,105,300)
(504,039,305)
支付其他與籌資活動有關的現金
(53)(f)
(1,837,941,093)
(301,974,046)
 
 
 籌資活動現金流出小計
(6,676,782,646)
(7,683,023,837)
 
 
  籌資活動產生的現金流量淨額
(4,692,304,547)
(2,964,128,646)
 
 
四、
匯率變動對現金的影響
28,138,650
(16,971,997)
 
 
五、
現金淨增加額
(54)(a)
773,427,887
2,131,183,130
加：年初現金餘額
8,247,817,077
6,116,633,947
 
 
六、
年末現金餘額
(54)(a)
9,021,244,964
8,247,817,077
 
 
後附財務報表附註為財務報表的組成部分。
企業負責人：
主管會計工作的負責人：
會計機構負責人：

