================================================================================
青岛港 2023年年报 · 合并报表 dump
================================================================================


────────────────────────────────────────────────────────────────────────────────
📄 BS 第111页 (PDF页码)
────────────────────────────────────────────────────────────────────────────────
青島港國際股份有限公司
110
合併資產負債表
2023年12月31日
（除特別註明外，金額單位為人民幣元）
資產
附註四
2023年12月31日
2022年12月31日
（經重述）
流動資產
貨幣資金
(1)
10,934,026,950
9,183,323,879
交易性金融資產
(2)
284,562,083
999,864,829
應收票據
(3)
83,814,533
96,070,105
應收賬款
(4)
1,952,312,395
2,016,471,556
應收款項融資
(5)
314,538,178
280,619,222
預付款項
(6)
126,611,960
126,266,656
其他應收款
(7)
668,058,871
852,817,484
 其中：應收股利
33,615,186
8,924,400
存貨
(8)
51,604,817
54,146,549
合同資產
(9)
89,441,090
123,966,449
持有待售資產
(15)
84,925,902
–
一年內到期的非流動資產
(11)
4,184,479
2,717,391
 其他流動資產
(10)
197,410,270
141,272,926
 
 
流動資產合計
14,791,491,528
13,877,537,046
 
 
非流動資產
長期應收款
(11)
31,217,303
32,141,987
長期股權投資
(12)
14,045,730,100
12,888,086,094
其他非流動金融資產
(13)
393,840,402
393,840,402
投資性房地產
(14)
208,311,370
145,666,381
固定資產
(15)
23,728,480,297
22,183,661,213
在建工程
(16)
1,757,339,288
2,491,929,634
使用權資產
(17)
555,717,415
629,604,435
無形資產
(18)
3,070,313,078
3,202,177,728
開發支出
(19)
42,279,529
30,804,841
商譽
(20)
28,014,688
48,683,209
長期待攤費用
61,493,616
75,685,037
遞延所得稅資產
(21)
910,182,364
960,815,313
其他非流動資產
(22)
621,449,665
515,259,386
 
 
非流動資產合計
45,454,369,115
43,598,355,660
 
 
資產總計
60,245,860,643
57,475,892,706
 
 


────────────────────────────────────────────────────────────────────────────────
📄 BS 第112页 (PDF页码)
────────────────────────────────────────────────────────────────────────────────
年度報告 2023
111
合併資產負債表（續）
2023年12月31日
（除特別註明外，金額單位為人民幣元）
負債和股東權益
附註四
2023年12月31日
2022年12月31日
（經重述）
流動負債
短期借款
(24)
126,411,604
269,088,147
應付票據
(25)
917,624,305
1,034,898,039
應付賬款
(26)
1,870,122,136
1,435,308,348
預收款項
5,482,745
9,224,728
合同負債
(27)
315,410,460
273,592,129
應付職工薪酬
(28)
669,288,869
631,271,564
應交稅費
(29)
353,882,889
306,380,839
其他應付款
(30)
3,815,970,467
3,985,877,916
 其中：應付股利
42,676,147
285,371,337
一年內到期的非流動負債
(31)
452,224,323
720,194,743
其他流動負債
27,621,665
21,117,185
 
 
流動負債合計
8,554,039,463
8,686,953,638
 
 
非流動負債
長期借款
(32)
1,791,983,620
1,542,527,600
租賃負債
(33)
289,111,936
482,364,123
長期應付款
(34)
205,376,025
374,006,498
預計負債
–
30,844,000
遞延收益
(35)
336,794,453
323,941,118
長期應付職工薪酬
(36)
2,394,130,000
2,426,440,000
遞延所得稅負債
(21)
55,371,959
50,374,062
其他非流動負債
(37)
2,080,390,497
2,281,541,172
 
 
非流動負債合計
7,153,158,490
7,512,038,573
 
 
負債合計
15,707,197,953
16,198,992,211
 
 
股東權益
股本
(38)
6,491,100,000
6,491,100,000
資本公積
(39)
11,734,763,579
11,878,388,652
其他綜合收益
(40)
(185,948,952)
(43,501,228)
專項儲備
8,474,502
12,449,939
盈餘公積
(41)
2,802,635,193
2,419,818,733
未分配利潤
(42)
19,426,032,436
16,641,280,437
 
 
歸屬於母公司股東權益合計
40,277,056,758
37,399,536,533
少數股東權益
4,261,605,932
3,877,363,962
 
 
股東權益合計
44,538,662,690
41,276,900,495
 
 
負債和股東權益總計
60,245,860,643
57,475,892,706
 
 
後附財務報表附註為財務報表的組成部分。
企業負責人：
主管會計工作的負責人：
會計機構負責人：


────────────────────────────────────────────────────────────────────────────────
📄 PL 第115页
────────────────────────────────────────────────────────────────────────────────
青島港國際股份有限公司
114
合併利潤表
2023年度
（除特別註明外，金額單位為人民幣元）
項目
附註四
2023年度
2022年度
（經重述）
一、 
營業收入
(43)
18,173,127,837
19,262,764,979
減：營業成本
(43)、(47)
(11,701,547,804)
(13,205,817,567)
稅金及附加
(44)
(149,301,585)
(145,299,633)
銷售費用
(47)
(76,144,877)
(106,942,092)
管理費用
(45)、(47)
(1,036,929,838)
(952,094,715)
研發費用
(19)、(47)
(104,938,473)
(111,267,803)
財務費用
(46)
(108,776,748)
183,818,905
   其中：利息費用
(161,761,849)
(154,628,607)
      利息收入
129,239,158
342,392,186
加：其他收益
(48)
146,429,488
201,961,629
投資收益
(49)
1,570,333,550
1,434,016,239
   其中：對聯營企業和合營企業的投資收益
1,531,223,264
1,270,143,860
公允價值變動（損失）╱收益
(560,505)
8,486,958
信用減值轉回╱（損失）
(50)
49,476,401
(15,406,222)
資產減值損失
(23,318,314)
(8,957,369)
資產處置收益
15,340,513
15,201,237
 
 
二、 
營業利潤
6,753,189,645
6,560,464,546
加：營業外收入
41,475,327
7,730,650
減：營業外支出
(4,921,317)
(12,542,167)
 
 
三、 
利潤總額
6,789,743,655
6,555,653,029
減：所得稅費用
(51)
(1,272,079,584)
(1,305,515,552)
 
 
四、 
淨利潤
5,517,664,071
5,250,137,477
 
 
其中：同一控制下企業合併中被合併方在合併前
    實現的淨利潤╱（虧損）
–
(5,675,058)
按經營持續性分類
 持續經營淨利潤
5,517,664,071
4,959,733,706
 終止經營淨利潤
–
290,403,771
按所有權歸屬分類
 少數股東損益
594,342,382
721,897,153
 歸屬於母公司股東的淨利潤
4,923,321,689
4,528,240,324


────────────────────────────────────────────────────────────────────────────────
📄 CF 第118页
────────────────────────────────────────────────────────────────────────────────
年度報告 2023
117
合併現金流量表
2023年度
（除特別註明外，金額單位為人民幣元）
項目
附註四
2023年度
2022年度
一、 
經營活動產生的現金流量
銷售商品、提供勞務收到的現金
18,916,708,723
19,394,019,057
收到的稅費返還
101,619,994
633,761,001
收到其他與經營活動有關的現金
(53)(a)
643,956,273
1,034,338,895
 
 
 經營活動現金流入小計
19,662,284,990
21,062,118,953
 
 
購買商品、接受勞務支付的現金
(8,029,950,537)
(9,518,205,474)
支付給職工以及為職工支付的現金
(3,251,177,130)
(3,227,032,322)
支付的各項稅費
(1,660,737,026)
(1,817,450,711)
支付其他與經營活動有關的現金
(53)(b)
(569,022,652)
(266,419,183)
 
 
 經營活動現金流出小計
(13,510,887,345)
(14,829,107,690)
 
 
  經營活動產生的現金流量淨額
(54)(a)
6,151,397,645
6,233,011,263
 
 
二、 
投資活動產生的現金流量
收回投資收到的現金
(53)(c)
2,563,631,000
6,657,851,807
取得投資收益所收到的現金
882,581,824
393,929,438
處置固定資產、無形資產和其他長期資產收回的現金淨額
55,601,906
32,267,443
處置子公司及其他營業單位收到的現金淨額
(54)(b)
192,864,688
3,342,729,145
收到其他與投資活動有關的現金
(53)(e)
5,410,315
6,540,274,145
 
 
 投資活動現金流入小計
3,700,089,733
16,967,051,978
 
 
購建固定資產、無形資產和其他長期資產支付的現金
(2,714,221,046)
(2,956,796,323)
投資支付的現金
(53)(d)
(2,970,038,000)
(10,297,908,893)
支付其他與投資活動有關的現金
(53)(f)
–
(4,507,764,241)
 
 
 投資活動現金流出小計
(5,684,259,046)
(17,762,469,457)
 
 
  投資活動產生的現金流量淨額
(1,984,169,313)
(795,417,479)
 
 


────────────────────────────────────────────────────────────────────────────────
📄 CF 第119页
────────────────────────────────────────────────────────────────────────────────
青島港國際股份有限公司
118
合併現金流量表（續）
2023年度
（除特別註明外，金額單位為人民幣元）
項目
附註四
2023年度
2022年度
三、 
籌資活動產生的現金流量
吸收投資收到的現金
111,082,637
14,450,000
其中：子公司吸收少數股東投資收到的現金
111,082,637
14,450,000
取得借款收到的現金
862,797,037
1,731,028,099
收到其他與籌資活動有關的現金
(53)(g)
407,000,000
239,000,000
 
 
 籌資活動現金流入小計
1,380,879,674
1,984,478,099
 
 
償還債務支付的現金
(1,069,082,633)
(2,498,521,977)
分配股利、利潤或償付利息支付的現金
(2,569,233,934)
(2,340,319,576)
其中：子公司支付給少數股東的利潤
(687,307,644)
(501,105,300)
支付其他與籌資活動有關的現金
(53)(h)
(794,781,623)
(1,837,941,093)
 
 
 籌資活動現金流出小計
(4,433,098,190)
(6,676,782,646)
 
 
  籌資活動產生的現金流量淨額
(3,052,218,516)
(4,692,304,547)
 
 
四、 
匯率變動對現金的影響
(4,206,180)
28,138,650
 
 
五、 
現金淨增加額
(54)(a)
1,110,803,636
773,427,887
加：年初現金餘額
9,021,244,964
8,247,817,077
 
 
六、 
年末現金餘額
(54)(a)
10,132,048,600
9,021,244,964
 
 
後附財務報表附註為財務報表的組成部分。
企業負責人：
主管會計工作的負責人：
會計機構負責人：

