================================================================================
青岛港 2024年年报 · 合并报表 dump
================================================================================


────────────────────────────────────────────────────────────────────────────────
📄 BS 第113页 (PDF页码)
────────────────────────────────────────────────────────────────────────────────
青島港國際股份有限公司
112
合併資產負債表
2024年12月31日
（除特別註明外，金額單位為人民幣元）
資產
附註四
2024年12月31日
2023年12月31日
流動資產
 貨幣資金
(1)
12,673,129,712
10,934,026,950
 交易性金融資產
(2)
8,050,643
284,562,083
 應收票據
(3)
40,439,871
83,814,533
 應收賬款
(4)
2,084,840,524
1,952,312,395
 應收款項融資
(5)
212,131,274
314,538,178
 預付款項
(6)
139,293,759
126,611,960
 其他應收款
(7)
835,529,050
668,058,871
  其中：應收股利
28,841,483
33,615,186
 存貨
(8)
40,688,042
51,604,817
 合同資產
(9)
209,406,760
89,441,090
 持有待售資產
(15)
67,566,466
84,925,902
 一年內到期的非流動資產
(11)
1,835,461
4,184,479
 其他流動資產
(10)
320,558,682
197,410,270
 
 
流動資產合計
16,633,470,244
14,791,491,528
 
 
非流動資產
 長期應收款
(11)
30,651,120
31,217,303
 長期股權投資
(12)
14,510,953,242
14,045,730,100
 其他非流動金融資產
(13)
357,184,402
393,840,402
 投資性房地產
(14)
281,359,781
208,311,370
 固定資產
(15)
24,584,191,817
23,728,480,297
 在建工程
(16)
1,247,843,145
1,757,339,288
 使用權資產
(17)
569,786,431
555,717,415
 無形資產
(18)
2,954,809,873
3,070,313,078
  其中：數據資源
186,707
–
 開發支出
(19)
56,311,304
42,279,529
 商譽
(20)
28,014,688
28,014,688
 長期待攤費用
51,439,310
61,493,616
 遞延所得稅資產
(21)
891,512,245
910,182,364
 其他非流動資產
(22)
552,225,858
621,449,665
 
 
非流動資產合計
46,116,283,216
45,454,369,115
 
 
資產總計
62,749,753,460
60,245,860,643
 
 


────────────────────────────────────────────────────────────────────────────────
📄 BS 第114页 (PDF页码)
────────────────────────────────────────────────────────────────────────────────
年度報告 2024
113
合併資產負債表（續）
2024年12月31日
（除特別註明外，金額單位為人民幣元）
負債和股東權益
附註四
2024年12月31日
2023年12月31日
流動負債
 短期借款
(23)
95,332,649
126,411,604
 應付票據
(25)
485,891,250
917,624,305
 應付賬款
(26)
1,612,906,291
1,870,122,136
 預收款項
9,583,505
5,482,745
 合同負債
(27)
278,861,998
315,410,460
 應付職工薪酬
(28)
743,671,659
669,288,869
 應交稅費
(29)
362,277,426
353,882,889
 其他應付款
(30)
4,224,759,266
3,815,970,467
  其中：應付股利
8,298,733
42,676,147
 一年內到期的非流動負債
(31)
564,440,298
452,224,323
 其他流動負債
24,993,499
27,621,665
 
 
流動負債合計
8,402,717,841
8,554,039,463
 
 
非流動負債
 長期借款
(32)
1,997,892,490
1,791,983,620
 租賃負債
(33)
318,917,796
289,111,936
 長期應付款
(34)
284,423,410
205,376,025
 長期應付職工薪酬
(36)
2,681,310,000
2,394,130,000
 遞延收益
(35)
336,396,009
336,794,453
 遞延所得稅負債
(21)
56,769,693
55,371,959
 其他非流動負債
(37)
1,879,239,822
2,080,390,497
 
 
非流動負債合計
7,554,949,220
7,153,158,490
 
 
負債合計
15,957,667,061
15,707,197,953
 
 
股東權益
 股本
(38)
6,491,100,000
6,491,100,000
 資本公積
(39)
11,725,620,802
11,734,763,579
 其他綜合收益
(40)
(572,243,667)
(185,948,952)
 專項儲備
15,925,932
8,474,502
 盈餘公積
(41)
3,234,169,702
2,802,635,193
 未分配利潤
(42)
21,593,359,687
19,426,032,436
 
 
歸屬於母公司股東權益合計
42,487,932,456
40,277,056,758
少數股東權益
4,304,153,943
4,261,605,932
 
 
股東權益合計
46,792,086,399
44,538,662,690
 
 
負債和股東權益總計
62,749,753,460
60,245,860,643
 
 
後附財務報表附註為財務報表的組成部分。
企業負責人：
主管會計工作的負責人：
會計機構負責人：


────────────────────────────────────────────────────────────────────────────────
📄 PL 第117页
────────────────────────────────────────────────────────────────────────────────
青島港國際股份有限公司
116
合併利潤表
2024年度
（除特別註明外，金額單位為人民幣元）
項目
附註四
2024年度
2023年度
一、 
營業收入
(43)
18,940,998,482
18,173,127,837
減：營業成本
(43)、(47)
(12,227,050,017)
(11,701,547,804)
稅金及附加
(44)
(171,773,990)
(149,301,585)
銷售費用
(47)
(65,034,687)
(76,144,877)
管理費用
(45)、(47)
(1,067,117,408)
(1,036,929,838)
研發費用
(19)、(47)
(104,984,525)
(104,938,473)
財務費用
(46)
(60,191,416)
(108,776,748)
   其中：利息費用
(123,906,331)
(161,761,849)
      利息收入
138,734,024
129,239,158
加：其他收益
(48)
119,790,583
146,429,488
投資收益
(49)
1,693,245,194
1,570,333,550
   其中：對聯營企業和合營企業的投資收益
1,656,628,568
1,531,223,264
公允價值變動（損失）╱收益
4,630,742
(560,505)
信用減值轉回╱（損失）
(50)
(15,166,947)
49,476,401
資產減值損失
(3,910,103)
(23,318,314)
資產處置收益
30,023,524
15,340,513
 
 
二、 
營業利潤
7,073,459,432
6,753,189,645
加：營業外收入
11,696,626
41,475,327
減：營業外支出
(17,370,209)
(4,921,317)
 
 
三、 
利潤總額
7,067,785,849
6,789,743,655
減：所得稅費用
(51)
(1,335,521,464)
(1,272,079,584)
 
 
四、 
淨利潤
5,732,264,385
5,517,664,071
 
 
其中：同一控制下企業合併中被合併方在合併前
    實現的淨利潤╱（虧損）
–
–
按經營持續性分類
 持續經營淨利潤
5,732,264,385
5,517,664,071
 終止經營淨利潤
–
–
按所有權歸屬分類
 少數股東損益
497,366,915
594,342,382
 歸屬於母公司股東的淨利潤
5,234,897,470
4,923,321,689


────────────────────────────────────────────────────────────────────────────────
📄 CF 第120页
────────────────────────────────────────────────────────────────────────────────
年度報告 2024
119
合併現金流量表
2024年度
（除特別註明外，金額單位為人民幣元）
項目
附註四
2024年度
2023年度
一、 
經營活動產生的現金流量
銷售商品、提供勞務收到的現金
19,934,967,674
18,916,708,723
收到的稅費返還
89,936,368
101,619,994
收到其他與經營活動有關的現金
(53)(a)
513,196,781
643,956,273
 
 
 經營活動現金流入小計
20,538,100,823
19,662,284,990
 
 
購買商品、接受勞務支付的現金
(9,288,466,341)
(8,029,950,537)
支付給職工以及為職工支付的現金
(3,535,898,938)
(3,251,177,130)
支付的各項稅費
(2,096,655,643)
(1,660,737,026)
支付其他與經營活動有關的現金
(53)(b)
(464,303,442)
(569,022,652)
 
 
 經營活動現金流出小計
(15,385,324,364)
(13,510,887,345)
 
 
  經營活動產生的現金流量淨額
(54)(a)
5,152,776,459
6,151,397,645
 
 
二、 
投資活動產生的現金流量
收回投資收到的現金
(53)(c)
1,384,166,585
2,563,631,000
取得投資收益所收到的現金
1,295,323,773
882,581,824
處置固定資產、無形資產和其他長期資產收回的現金淨額
128,400,953
55,601,906
處置子公司及其他營業單位收到的現金淨額
(54)(b)
–
192,864,688
收到其他與投資活動有關的現金
(53)(e)
477,118
5,410,315
 
 
 投資活動現金流入小計
2,808,368,429
3,700,089,733
 
 
購建固定資產、無形資產和其他長期資產支付的現金
(2,085,900,592)
(2,714,221,046)
投資支付的現金
(53)(d)
(761,010,585)
(2,970,038,000)
支付其他與投資活動有關的現金
(53)(f)
–
–
 
 
 投資活動現金流出小計
(2,846,911,177)
(5,684,259,046)
 
 
  投資活動產生的現金流量淨額
(38,542,748)
(1,984,169,313)
 
 


────────────────────────────────────────────────────────────────────────────────
📄 CF 第121页
────────────────────────────────────────────────────────────────────────────────
青島港國際股份有限公司
120
合併現金流量表（續）
2024年度
（除特別註明外，金額單位為人民幣元）
項目
附註四
2024年度
2023年度
三、 
籌資活動產生的現金流量
吸收投資收到的現金
96,537,639
111,082,637
其中：子公司吸收少數股東投資收到的現金
82,920,000
111,082,637
取得借款收到的現金
963,857,423
862,797,037
收到其他與籌資活動有關的現金
(53)(g)
120,000,000
407,000,000
 
 
 籌資活動現金流入小計
1,180,395,062
1,380,879,674
 
 
償還債務支付的現金
(541,283,674)
(1,069,082,633)
分配股利、利潤或償付利息支付的現金
(3,307,104,210)
(2,569,233,934)
其中：子公司支付給少數股東的利潤
(571,118,220)
(687,307,644)
支付其他與籌資活動有關的現金
(53)(h)
(364,957,135)
(794,781,623)
 
 
 籌資活動現金流出小計
(4,213,345,019)
(4,433,098,190)
 
 
  籌資活動產生的現金流量淨額
(3,032,949,957)
(3,052,218,516)
 
 
四、 
匯率變動對現金的影響
(5,594,906)
(4,206,180)
 
 
五、 
現金淨增加額
(54)(a)
2,075,688,848
1,110,803,636
加：年初現金餘額
10,132,048,600
9,021,244,964
 
 
六、 
年末現金餘額
(54)(a)
12,207,737,448
10,132,048,600
 
 
後附財務報表附註為財務報表的組成部分。
企業負責人：
主管會計工作的負責人：
會計機構負責人：

