================================================================================
青岛港 2025年年报 · 合并报表 dump
================================================================================


────────────────────────────────────────────────────────────────────────────────
📄 BS 第101页 (PDF页码)
────────────────────────────────────────────────────────────────────────────────
青島港國際股份有限公司
100
合併資產負債表
2025年12月31日
（除特別註明外，金額單位為人民幣元）
資產
附註四
2025年12月31日
2024年12月31日
流動資產
 貨幣資金
(1)
14,486,405,958
12,673,129,712
 交易性金融資產
(2)
7,139,277
8,050,643
 應收票據
(3)
37,440,164
40,439,871
 應收賬款
(4)
1,960,784,025
2,084,840,524
 應收款項融資
(5)
119,318,404
212,131,274
 預付款項
(6)
189,185,855
139,293,759
 其他應收款
(7)
1,177,392,549
835,529,050
  其中：應收股利
102,282,706
28,841,483
 存貨
(8)
56,791,574
40,688,042
 合同資產
(9)
139,939,213
209,406,760
 持有待售資產
–
67,566,466
 一年內到期的非流動資產
(10)
1,803,007
1,835,461
 其他流動資產
(11)
532,326,174
320,558,682
 
 
流動資產合計
18,708,526,200
16,633,470,244
 
 
非流動資產
 長期應收款
(12)
28,848,113
30,651,120
 長期股權投資
(13)
15,588,269,337
14,510,953,242
 其他非流動金融資產
(14)
344,054,651
357,184,402
 投資性房地產
(15)
130,142,532
281,359,781
 固定資產
(16)
25,108,593,338
24,584,191,817
 在建工程
(17)
1,351,133,593
1,247,843,145
 使用權資產
(18)
313,098,355
569,786,431
 無形資產
(19)
3,120,269,011
2,954,809,873
  其中：數據資源
100,534
186,707
 開發支出
(20)
111,337,591
56,311,304
 商譽
(21)
28,014,688
28,014,688
 長期待攤費用
(22)
57,534,035
51,439,310
 遞延所得稅資產
(23)
948,435,160
891,512,245
 其他非流動資產
(24)
740,510,541
552,225,858
 
 
非流動資產合計
47,870,240,945
46,116,283,216
 
 
資產總計
66,578,767,145
62,749,753,460
 
 


────────────────────────────────────────────────────────────────────────────────
📄 BS 第102页 (PDF页码)
────────────────────────────────────────────────────────────────────────────────
年度報告 2025
101
合併資產負債表（續）
2025年12月31日
（除特別註明外，金額單位為人民幣元）
負債和股東權益
附註四
2025年12月31日
2024年12月31日
流動負債
 短期借款
(25)
99,836,576
95,332,649
 應付票據
(27)
258,794,437
485,891,250
 應付賬款
(28)
1,536,214,860
1,612,906,291
 預收款項
(29)
455,901
9,583,505
 合同負債
(30)
563,880,381
278,861,998
 應付職工薪酬
(31)
766,604,904
743,671,659
 應交稅費
(32)
377,044,527
362,277,426
 其他應付款
(33)
3,931,882,854
4,224,759,266
  其中：應付股利
7,900,926
8,298,733
 一年內到期的非流動負債
(34)
569,728,091
564,440,298
 其他流動負債
(35)
43,482,891
24,993,499
 
 
流動負債合計
8,147,925,422
8,402,717,841
 
 
非流動負債
 長期借款
(36)
3,140,172,638
1,997,892,490
 租賃負債
(37)
179,673,327
318,917,796
 長期應付款
(38)
346,424,839
284,423,410
 長期應付職工薪酬
(40)
2,452,100,000
2,681,310,000
 遞延收益
(39)
461,722,149
336,396,009
 遞延所得稅負債
(23)
51,621,388
56,769,693
 其他非流動負債
(41)
1,682,633,930
1,879,239,822
 
 
非流動負債合計
8,314,348,271
7,554,949,220
 
 
負債合計
16,462,273,693
15,957,667,061
 
 
股東權益
 股本
(42)
6,491,100,000
6,491,100,000
 資本公積
(43)
11,716,522,337
11,725,620,802
 其他綜合收益
(44)
(350,458,967)
(572,243,667)
 專項儲備
(45)
18,393,719
15,925,932
 盈餘公積
(46)
3,245,550,000
3,234,169,702
 未分配利潤
(47)
24,591,762,352
21,593,359,687
 
 
歸屬於母公司股東權益合計
45,712,869,441
42,487,932,456
少數股東權益
4,403,624,011
4,304,153,943
 
 
股東權益合計
50,116,493,452
46,792,086,399
 
 
負債和股東權益總計
66,578,767,145
62,749,753,460
 
 
後附財務報表附註為財務報表的組成部分。
企業負責人：
主管會計工作的負責人：
會計機構負責人：


────────────────────────────────────────────────────────────────────────────────
📄 PL 第105页
────────────────────────────────────────────────────────────────────────────────
青島港國際股份有限公司
104
合併利潤表
2025年度
（除特別註明外，金額單位為人民幣元）
項目
附註四
2025年度
2024年度
一、 
營業收入
(48)
18,806,323,315
18,940,998,482
減：營業成本
(48)、(54)
(11,911,816,346)
(12,227,050,017)
稅金及附加
(49)
(173,267,932)
(171,773,990)
銷售費用
(50)、(54)
(87,687,417)
(65,034,687)
管理費用
(51)、(54)
(1,161,386,962)
(1,067,117,408)
研發費用
(52)、(54)
(112,325,450)
(104,984,525)
財務費用
(53)
(48,549,280)
(60,191,416)
   其中：利息費用
(131,117,644)
(123,906,331)
      利息收入
146,243,726
138,734,024
加：其他收益
(55)
111,059,833
119,790,583
投資收益
(56)
1,535,316,330
1,693,245,194
   其中：對聯營企業和合營企業的投資收益
1,532,954,213
1,656,628,568
公允價值變動（損失）╱收益
(57)
168,762,208
4,630,742
信用減值轉回╱（損失）
(58)
(47,152,235)
(15,166,947)
資產減值損失
(59)
1,457,512
(3,910,103)
資產處置收益
(60)
30,074,810
30,023,524
 
 
二、 
營業利潤
7,110,808,386
7,073,459,432
加：營業外收入
(61)
31,625,073
11,696,626
減：營業外支出
(62)
(13,732,654)
(17,370,209)
 
 
三、 
利潤總額
7,128,700,805
7,067,785,849
減：所得稅費用
(63)
(1,405,154,226)
(1,335,521,464)
 
 
四、 
淨利潤
5,723,546,579
5,732,264,385
 
 
其中：同一控制下企業合併中被合併方在合併前
    實現的淨利潤╱（虧損）
–
–
按經營持續性分類
 持續經營淨利潤
5,723,546,579
5,732,264,385
 終止經營淨利潤
–
–
按所有權歸屬分類
 少數股東損益
452,040,486
497,366,915
 歸屬於母公司股東的淨利潤
5,271,506,093
5,234,897,470


────────────────────────────────────────────────────────────────────────────────
📄 CF 第108页
────────────────────────────────────────────────────────────────────────────────
年度報告 2025
107
合併現金流量表
2025年度
（除特別註明外，金額單位為人民幣元）
項目
附註四
2025年度
2024年度
一、 
經營活動產生的現金流量
銷售商品、提供勞務收到的現金
20,346,067,226
19,934,967,674
收到的稅費返還
145,954,622
89,936,368
收到其他與經營活動有關的現金
(65)(a)
569,017,980
513,196,781
 
 
 經營活動現金流入小計
21,061,039,828
20,538,100,823
 
 
購買商品、接受勞務支付的現金
(8,966,847,720)
(9,288,466,341)
支付給職工以及為職工支付的現金
(3,516,299,512)
(3,535,898,938)
支付的各項稅費
(2,358,833,794)
(2,096,655,643)
支付其他與經營活動有關的現金
(65)(b)
(670,462,073)
(464,303,442)
 
 
 經營活動現金流出小計
(15,512,443,099)
(15,385,324,364)
 
 
  經營活動產生的現金流量淨額
(65)(a)
5,548,596,729
5,152,776,459
 
 
二、 
投資活動產生的現金流量
收回投資收到的現金
(65)(c)
416,000,000
1,384,166,585
取得投資收益所收到的現金
467,822,085
1,295,323,773
處置固定資產、無形資產和其他長期資產收回的現金淨額
190,732,186
128,400,953
處置子公司及其他營業單位收到的現金淨額
–
–
收到其他與投資活動有關的現金
(65)(e)
–
477,118.00
 
 
 投資活動現金流入小計
1,074,554,271
2,808,368,429
 
 
購建固定資產、無形資產和其他長期資產支付的現金
(2,464,233,800)
(2,085,900,592)
投資支付的現金
(65)(d)
(1,727,105,053)
(761,010,585)
支付其他與投資活動有關的現金
–
–
 
 
 投資活動現金流出小計
(4,191,338,853)
(2,846,911,177)
 
 
  投資活動產生的現金流量淨額
(3,116,784,582)
(38,542,748)
 
 


────────────────────────────────────────────────────────────────────────────────
📄 CF 第109页
────────────────────────────────────────────────────────────────────────────────
青島港國際股份有限公司
108
合併現金流量表（續）
2025年度
（除特別註明外，金額單位為人民幣元）
項目
附註四
2025年度
2024年度
三、 
籌資活動產生的現金流量
吸收投資收到的現金
40,692,799
96,537,639
其中：子公司吸收少數股東投資收到的現金
40,692,799
82,920,000
取得借款收到的現金
2,815,053,936
963,857,423
收到其他與籌資活動有關的現金
(65)(f)
200,000,000
120,000,000
 
 
 籌資活動現金流入小計
3,055,746,735
1,180,395,062
 
 
償還債務支付的現金
(1,669,991,239)
(541,283,674)
分配股利、利潤或償付利息支付的現金
(2,715,359,382)
(3,307,104,210)
其中：子公司支付給少數股東的利潤
(355,506,414)
(571,118,220)
支付其他與籌資活動有關的現金
(65)(g)
(555,869,226)
(364,957,135)
 
 
 籌資活動現金流出小計
(4,941,219,847)
(4,213,345,019)
 
 
  籌資活動產生的現金流量淨額
(1,885,473,112)
(3,032,949,957)
 
 
四、 
匯率變動對現金的影響
(7,227,265)
(5,594,906)
 
 
五、 
現金淨增加額
(66)(a)
539,111,770
2,075,688,848
加：年初現金餘額
12,207,737,448
10,132,048,600
 
 
六、 
年末現金餘額
(66)(a)
12,746,849,218
12,207,737,448
 
 
後附財務報表附註為財務報表的組成部分。
企業負責人：
主管會計工作的負責人：
會計機構負責人：

