
============================================================
PAGE 100 (printed 100)
============================================================

99
綜合損益及其他全面收益表
截至2023年12月31日止年度
2023年年度報告  |  康方生物科技（開曼）有限公司
2023年
2022年
附註
人民幣千元
人民幣千元
 
 
 
 
市場銷售額
4
1,631,111
1,104,385
技術授權和技術合作收入
4
2,922,775
3,920
 
 
市場銷售額及技術授權和技術合作收入總額
4,553,886
1,108,305
減：分銷成本
4
(27,633)
(270,649)
 
 
收入
4
4,526,253
837,656
銷售成本
(133,248)
(94,117)
 
 
毛利
4,393,005
743,539
其他收入及收益淨額
5
454,180
158,613
研發開支
(1,254,023)
(1,323,098)
銷售及營銷開支
(890,384)
(552,661)
行政開支
(200,094)
(199,007)
分佔長期股權投資虧損
16
(191,722)
–
其他開支淨額
(281,450)
(206,312)
財務成本
7
(86,987)
(43,290)
 
 
除稅前溢利╱（虧損）
6
1,942,525
(1,422,216)
所得稅開支
10
(174)
–
 
 
年內溢利╱（虧損）
1,942,351
(1,422,216)
 
 
其他全面（虧損）╱收益
於後續期間可能會重新分類至損益的其他全面虧損：
換算海外業務的匯兌差額
(95,025)
(294,663)
 
 
於後續期間不會重新分類至損益的其他全面收益：
將功能貨幣換算為呈列貨幣
89,139
423,297
 
 
年內其他全面（虧損）╱收益，扣除稅項
(5,886)
128,634
 
 
年內全面收益╱（虧損）總額
1,936,465
(1,293,582)
 
 

============================================================
PAGE 101 (printed 101)
============================================================

100
截至2023年12月31日止年度
康方生物科技（開曼）有限公司  |  2023年年度報告
綜合損益及其他全面收益表
2023年
2022年
附註
人民幣千元
人民幣千元
 
 
 
 
以下人士應佔溢利╱（虧損）：
母公司擁有人
2,028,300
(1,168,393)
非控股權益
(85,949)
(253,823)
 
 
1,942,351
(1,422,216)
 
 
以下人士應佔全面收益╱（虧損）總額：
母公司擁有人
2,022,414
(1,039,759)
非控股權益
(85,949)
(253,823)
 
 
1,936,465
(1,293,582)
 
 
母公司普通權益持有人應佔每股盈利╱（虧損）
基本
12
人民幣2.42元
人民幣(1.42)元
 
 
攤薄
12
人民幣2.42元
人民幣(1.42)元
 
 

============================================================
PAGE 102 (printed 102)
============================================================

101
綜合財務狀況表
2023年12月31日
2023年年度報告  |  康方生物科技（開曼）有限公司
2023年
2022年
附註
人民幣千元
人民幣千元
 
 
 
 
非流動資產
物業、廠房及設備
13
2,823,982
1,999,616
使用權資產
14(a)
338,042
163,074
無形資產
15
6,417
8,496
按公允價值計入損益的金融資產
21(b)
12,039
10,000
長期股權投資
16
293,441
–
其他非流動資產
17
30,403
256,291
 
 
非流動資產總值
3,504,324
2,437,477
 
 
流動資產
存貨
18
391,868
341,832
貿易應收款項
19
295,563
271,046
預付款、其他應收款及其他資產
20
94,918
157,199
按公允價值計入損益的金融資產
21(a)
852,431
195,912
已抵押存款及原到期日超過三個月的定期存款
22
2,499,673
94
現金及現金等價物
22
1,542,313
2,092,388
 
 
流動資產總值
5,676,766
3,058,471
 
 
流動負債
貿易應付款項
23
354,828
308,948
其他應付款項及應計費用
24
443,575
599,178
計息銀行及其他借款
25
390,513
445,979
租賃負債
14(b)
14,514
5,898
應付稅項
1,152
1,133
 
 
流動負債總額
1,204,582
1,361,136
 
 
流動資產淨值
4,472,184
1,697,335
 
 
總資產減流動負債
7,976,508
4,134,812
 
 
