
============================================================
PAGE 120 (printed 120)
============================================================

119
綜合損益及其他全面收益表
截至2024年12月31日止年度
2024年年度報告  |  康方生物科技（開曼）有限公司
2024年
2023年
附註
人民幣千元
人民幣千元
 
 
 
 
商業銷售
4
2,044,410
1,631,111
商業授權收入
4
121,577
2,922,775
 
 
商業銷售及商業授權收入總額
2,165,987
4,553,886
減：分銷成本
4
(42,043)
(27,633)
 
 
收入
4
2,123,944
4,526,253
銷售成本
(289,042)
(133,248)
 
 
毛利
1,834,902
4,393,005
其他收入及收益淨額
5
365,985
454,180
研發開支
(1,187,690)
(1,254,023)
銷售及營銷開支
(1,001,793)
(890,384)
行政開支
(203,641)
(200,094)
分佔長期股權投資虧損
16
(68,509)
(191,722)
其他開支淨額
(172,087)
(281,450)
財務成本
7
(68,260)
(86,987)
 
 
除稅前（虧損）╱盈利
6
(501,093)
1,942,525
所得稅開支
10
–
(174)
 
 
年內（虧損）╱盈利
(501,093)
1,942,351
 
 
其他全面收益╱（虧損）
於後續期間可能會重新分類至損益的其他全面虧損：
換算海外業務的匯兌差額
(106,809)
(95,025)
 
 
於後續期間不會重新分類至損益的其他全面收益：
將功能貨幣換算為呈列貨幣
113,399
89,139
 
 
年內其他全面收益╱（虧損），扣除稅項
6,590
(5,886)
 
 
年內全面（虧損）╱收益總額
(494,503)
1,936,465
 
 

============================================================
PAGE 121 (printed 121)
============================================================

120
截至2024年12月31日止年度
康方生物科技（開曼）有限公司  |  2024年年度報告
綜合損益及其他全面收益表
2024年
2023年
附註
人民幣千元
人民幣千元
 
 
 
 
以下人士應佔（虧損）╱盈利：
母公司擁有人
(514,515)
2,028,300
非控股權益
13,422
(85,949)
 
 
(501,093)
1,942,351
 
 
以下人士應佔全面（虧損）╱收益總額：
母公司擁有人
(507,925)
2,022,414
非控股權益
13,422
(85,949)
 
 
(494,503)
1,936,465
 
 
母公司普通權益持有人應佔每股（虧損）╱盈利
基本
12
人民幣(0.60)元
人民幣2.42元
 
 
攤薄
12
人民幣(0.60)元
人民幣2.42元
 
 

============================================================
PAGE 122 (printed 122)
============================================================

121
綜合財務狀況表
2024年12月31日
2024年年度報告  |  康方生物科技（開曼）有限公司
2024年
2023年
附註
人民幣千元
人民幣千元
 
 
 
 
非流動資產
物業、廠房及設備
13
3,230,686
2,823,982
使用權資產
14(a)
319,514
338,042
無形資產
15
11,802
6,417
按公允價值計入損益的金融資產
21(b)
16,314
12,039
長期股權投資
16
398,495
293,441
其他非流動資產
17
86,569
30,403
 
 
非流動資產總值
4,063,380
3,504,324
 
 
流動資產
存貨
18
706,533
391,868
貿易應收款項
19
524,911
295,563
預付款、其他應收款及其他資產
20
116,291
94,918
按公允價值計入損益的金融資產
21(a)
425,785
852,431
現金及銀行結餘
22
6,918,065
4,041,986
 
 
流動資產總值
8,691,585
5,676,766
 
 
流動負債
貿易應付款項
23
425,193
354,828
其他應付款項及應計費用
24
715,143
443,575
計息銀行及其他借款
25
535,460
390,513
租賃負債
14(b)
9,665
14,514
應付稅項
1,169
1,152
 
 
流動負債總額
1,686,630
1,204,582
 
 
流動資產淨值
7,004,955
4,472,184
 
 
總資產減流動負債
11,068,335
7,976,508
 
 
